experiment

dia 0

espesor 100 //um



foto 3

foto 2

ancho lesion  0 // um

pin 1
X (um)	Y (um)
146.333	562.333

pin 8
X (um)	Y (um)
169.667	474.333

pin 10
X (um)	Y (um)
157.333	107.333

celulas
X (um)	Y (um)	TIPO	PB
535.111	299.333	3	1
752.444	380.222	3	1
774.667	383.778	3	1
817.333	379.333	3	1
787.556	400.222	3	1
761.778	395.778	3	1
592.889	341.556	3	1
689.333	360.778	3	1
568	306.111	3	1
519.556	280.778	3	1
503.222	270.778	3	1
501	247.222	3	1
340.556	148.333	3	1
375.667	169.222	3	1
389	146.556	3	1
142.778	58.222	3	1
121.889	44	3	1
248.556	78.222	3	1
291.222	93.778	3	1
378.778	135.111	3	1
174.333	31.111	3	1
218.778	65.333	3	1
210.333	92.889	3	1
221	124.889	3	1
251.222	123.556	3	1
569.111	384	3	1
500.667	332.889	3	1
808	402.111	3	1
734.667	407.444	3	1
698.667	402.556	3	1
325.444	124	3	1
324.111	180.111	3	1
177.444	103.667	3	0.3
281.889	114.778	3	0.3
280.111	134.778	3	0.5
321.444	141	3	0.5
159.222	162.333	3	0.7
153.444	45.333	3	0.3
157.889	16.889	3	0.5
341.889	259.111	3	0.3
97	249.444	3	0.5
160.111	253.889	3	0.3
177	418	3	0.3
391.667	299.556	3	0.3
384.556	263.111	3	0.7
431.667	268.444	3	0.7
561.667	338.556	3	0.7
531.889	337.667	3	0.3
553.222	351.889	3	0.5
509.222	462.444	3	0.5
258.556	532.667	3	0.7
758.222	426	3	0.7
797.778	419.333	3	0.3
636.444	381.111	3	0.5
616.444	348.222	3	0.5
560.444	387.778	3	0.3
800	483.333	3	0.3
662.222	387.667	3	0.7
515.111	298.778	3	0.7
326	212.667	3	0.5
354	224.667	3	0.3
258.444	152.222	3	0.7
186.444	89.111	3	0.7
336.222	385.778	3	0.7
165.556	406.667	3	0.5
156.222	383.111	3	0.7
213.111	354.667	3	0.7
173.111	325.778	3	0.5
285.111	350.222	3	0.3
242.889	357.778	3	0.5
122	72	3	0.5
142.444	70.667	1	1
163.333	61.333	1	1
200.222	132	1	1
293.556	159.111	1	1
309.556	156	1	1
252.667	185.444	1	1
166.889	225.889	1	1
110	169.444	1	1
285.111	275.333	1	1
312.222	239.778	1	1
362	310.667	1	1
373.556	298.222	1	1
366	280	1	1
298	314.333	1	1
126.444	413	1	1
138.444	548.111	1	1
126.444	521.444	1	1
85.111	562	1	1
122	538.444	1	1
263.778	602.889	1	1
205.111	632.667	1	1
314	497.667	1	1
314	475.444	1	1
343.778	458.556	1	1
382.889	399.889	1	1
366.889	398.556	1	1
386.889	381.222	1	1
374.444	363.889	1	1
214	225.667	1	1
83.778	331	1	1
204.222	332.333	1	1
443.222	413.111	1	1
479.222	495.333	1	1
529.444	363.222	1	1
517.444	325	1	1
503.222	301.889	1	1
453.444	347.333	1	1
425.889	232.333	1	1
465.444	295.889	1	1
653.444	542	1	1
532.111	520.333	1	1
589.444	499.444	1	1
601.444	447.444	1	1
532.556	408.333	1	1
523.222	450.111	1	1
430.778	467	1	1
397.889	459.444	1	1
378.778	523.444	1	1
488.556	609.111	1	1
559.222	620.667	1	1
333.889	543.778	1	1
696.111	421.556	1	1
635.222	442	1	1
583.222	400.222	1	1
554.778	410.889	1	1
573.444	393.556	1	1
484.111	380.222	1	1
407.222	382.444	1	1
392.111	366	1	1
436.556	304.222	1	1
449.444	325.111	1	1
408.111	272.889	1	1
403.667	256.889	1	1
381.444	233.778	1	1
381.444	200.889	1	1
330.778	165.778	1	1
203.889	284.667	1	1
223.444	288.222	1	1
162.556	306.444	1	1
202.556	243.333	1	1
147.444	205.111	1	1
143	221.111	1	1
217.222	173.556	1	1
240.333	150.889	1	1
157.222	107	1	1
181.222	148.778	1	1
129.667	152.333	1	1
299.889	410.333	1	1
431.444	443	1	1
335.889	597.111	1	1
235	627.778	1	1
235.444	589.556	1	1
350.333	538.889	1	1
314.778	525.111	1	1
157.444	442.444	1	1
115.556	464.222	1	1
92	552.222	1	1
117.333	571.333	1	1
107.556	588.222	1	1
131.556	606.444	1	1
184.444	388.444	1	1
142.667	283.667	1	1
186.222	279.667	1	1
301.333	333.889	1	1
196	200.667	1	1

limite tejido
X (um)	Y (um)
117.778	0
129.333	0.889
144	3.556
155.111	5.778
178.667	10.667
192.889	17.333
210.667	24.889
224.444	42.667
244.444	49.333
264	56.889
281.778	72.444
297.778	72.889
304.889	72.889
313.778	84.889
328.889	96
349.333	110.222
368	119.556
383.111	124.556
391.556	131.222
413.778	149
435.556	161.444
451.556	180.556
463.111	201.889
470.222	217.889
487.111	229.889
497.333	231.667
519.556	254.333
549.333	275.222
564.222	287.333
572.667	293.111
590.444	294.889
606.444	300.222
623.778	310
642.444	309.111
650	321.556
658.889	341.111
677.556	345.111
723.778	354.444
742.889	352.222
784.222	345.556
813.111	333.556
832.667	342
838	354.889
851.333	353.111

limite lesion
X (um)	Y (um)
851.556	356
852.444	390.667
852.444	488.889
852.889	503.778
852.444	514.444
852.444	530.889
852	549.556
851.556	558
852	566.889
852.444	571.333
852	584.222
851.556	595.333
852.889	603.778
852.889	611.778
852.889	619.333
852.889	629.111
852.889	638

limite foto
X (um)	Y (um)
117.778	0
129.333	0.889
144	3.556
155.111	5.778
178.667	10.667
192.889	17.333
210.667	24.889
224.444	42.667
244.444	49.333
264	56.889
281.778	72.444
297.778	72.889
304.889	72.889
313.778	84.889
328.889	96
349.333	110.222
368	119.556
383.111	124.556
391.556	131.222
413.778	149
435.556	161.444
451.556	180.556
463.111	201.889
470.222	217.889
487.111	229.889
497.333	231.667
519.556	254.333
549.333	275.222
564.222	287.333
572.667	293.111
590.444	294.889
606.444	300.222
623.778	310
642.444	309.111
650	321.556
658.889	341.111
677.556	345.111
723.778	354.444
742.889	352.222
784.222	345.556
813.111	333.556
832.667	342
838	354.889
851.333	353.111
852.444	466.556
852	562.444
804.444	596.667
720	612.222
674.222	638
196	636.222
92	585.556
76.444	559.333
120	401.111
108	346.556
71.556	312.778
100.889	206.889
108.444	0

vaso
X (um)	Y (um)
133.778	118.333
126.667	118.333
121.778	122.333
122.667	130.778
130.667	129

vaso
X (um)	Y (um)	
119.556	248.111
125.778	241.889
120.444	237.889
114.222	241
114.667	245.444

vaso
X (um)	Y (um)	
195.111	169
185.333	168.111
182.667	177
191.111	181
198.667	177.889

vaso
X (um)	Y (um)	
243.111	370.667
229.778	374.667
211.111	414.667
199.556	443.556
195.556	459.556
186.667	483.111
190.222	507.778
180.889	534.889
170.222	564.667
170.667	575.778
167.111	604.667
176.13	615.982
202.502	604.68
209.095	584.901
222.281	552.877
237.351	532.156
253.363	512.377
265.607	492.597
279.735	454.923
278.793	406.887
269.375	377.689
	
vaso
X (um)	Y (um)
131.111	466.222
123.111	471.556
122.222	476
129.778	480
135.111	476

vaso
X (um)	Y (um)	
150.222	519.111
144	524.444
147.556	536
154.667	533.778
158.667	525.778

vaso
X (um)	Y (um)	
159.556	337.889
151.556	343.667
152.444	355.222
159.556	349
164	345.444

vaso
X (um)	Y (um)	
261.333	268.778
248.889	272.778
244.889	282.111
249.333	294.556
259.111	286.556

vaso
X (um)	Y (um)	
361.778	199.889
364.889	194.111
359.111	191
352.444	197.667
354.667	204.333

vaso
X (um)	Y (um)	
338.667	291.444
332.444	295.889
332.444	303.889
338.222	312.333
348.444	305.222

vaso
X (um)	Y (um)	
304	429.444
298.222	431.667
297.333	441
306.222	438.333
310.667	432.556

vaso
X (um)	Y (um)	
352.444	462.778
341.778	467.667
343.111	483.222
353.333	478.333
357.333	471.222

vaso
X (um)	Y (um)	
345.333	500.111
335.111	500.556
332	514.333
342.667	516.111
350.222	509

vaso
X (um)	Y (um)	
402.333	423.778
395.222	422.444
387.667	430.444
392.556	435.778
403.222	433.556

vaso
X (um)	Y (um)	
422.333	485.111
405.889	485.556
408.111	498.889
420.111	500.667
434.778	500.667

vaso
X (um)	Y (um)	
463.111	611.778
449.778	615.778
432.444	616.222
409.333	617.556
399.111	627.778
392.889	636.222
401.778	637.111
417.333	630.889
428.889	623.333
449.778	626.444
469.333	624.222
476	617.556

vaso
X (um)	Y (um)	
587.111	449.556
570.222	451.778
559.556	456.667
544	466.444
552.444	474.889
565.778	463.778
576	467.778
585.778	466.889

vaso
X (um)	Y (um)	
482.222	567.333
483.556	555.778
474.667	549.111
460.444	551.778
464.889	558.444
466.222	566
459.111	562.889
451.556	564.222
452.444	573.556
461.333	579.778
468.444	574.444
475.556	574.444

vaso
X (um)	Y (um)	
490.667	446.778
484.889	441
476.889	448.111
482.222	457.444
490.222	456.111

vaso
X (um)	Y (um)	
469.778	375
461.778	370.111
455.556	381.222
465.778	387.889
472.444	385.667

vaso
X (um)	Y (um)	
635.111	474.556
623.556	477.222
634.667	486.556
640.444	484.333
642.667	477.667

vaso
X (um)	Y (um)	
645.778	412.778
636.889	418.556
636.889	424.778
643.556	425.667
651.111	420.333

vaso
X (um)	Y (um)	
541.333	501.556
547.111	493.556
538.222	485.556
530.667	488.222
528.444	499.333

vaso
X (um)	Y (um)	
622.667	570.889
612.444	571.333
600	580.222
603.111	585.556
613.333	586.889
620.889	591.333
628.889	586.889
630.222	579.778

vaso
X (um)	Y (um)	
680.444	487.778
673.333	487.333
671.556	492.222
667.111	497.556
664.444	506.889
677.333	504.222
689.778	506
703.111	503.333
706.667	493.556
698.222	489.111
688.444	487.333

vaso
X (um)	Y (um)	
754.667	442
768	438.444
764	431.778
752	431.778
748.889	437.111

vaso
X (um)	Y (um)	
791.111	514.444
785.778	519.333
786.222	526.444
795.556	525.556
798.222	518.444

vaso
X (um)	Y (um)	
848.889	508.222
826.667	521.556
821.778	533.556
803.111	547.778
770.222	556.222
756.889	571.333
748	579.778
726.667	583.778
708.444	588.222
691.556	596.667
676.444	609.111
662.222	617.111
644	626.889
629.333	633.556
639.111	638
655.111	637.111
668.889	637.111
676	629.556
700	617.556
721.333	602.889
737.333	594.889
752.444	590
779.556	590.889
807.111	589.111
826.667	576.222
837.778	565.556
844	548.222
840.889	540.222
850.667	544.222

foto 3
pin 1
X (um)	Y (um)
98	35.333

pin 2
X (um)	Y (um)
263	546

pin 5
X (um)	Y (um)
30.667	617.667

pin 6
X (um)	Y (um)
42.222	25.333

celulas
X (um)	Y (um)	TIPO	PB
731.556	92.444	1	1
739.111	121.333	1	1
780	100	1	1
805.778	109.333	1	1
655.556	91.111	1	1
696	160	1	1
632	176	1	1
569.778	205.333	1	1
552.444	210.667	1	1
719.556	235.556	1	1
558.222	287.778	1	1
523.111	282.444	1	1
599.556	279.333	1	1
680	256.222	1	1
796.444	238.889	1	1
814.667	239.778	1	1
488.889	358	1	1
581.778	382	1	1
628.889	428.333	1	1
684.444	477.222	1	1
772	462.111	1	1
763.556	466.111	1	1
791.556	364.333	1	1
724.889	362.556	1	1
583.556	317.222	1	1
468.889	491.778	1	1
792.444	597.556	1	1
843.111	427.222	1	1
736	258.556	1	1
766.222	240.778	1	1
744.889	208.778	1	1
710.222	108.667	1	1
522.222	135.333	1	1
502.222	178	1	1
556.889	227.778	1	1
529.667	348.667	1	1
613.667	297.111	1	1
432.778	261.556	1	1
386.111	278.444	1	1
292.778	368.222	1	1
345.222	400.667	1	1
360.778	393.111	1	1
410.111	444.778	1	1
323.444	586.889	1	1
289.222	591.333	1	1
302.111	554	1	1
316.778	535.778	1	1
325.667	625.111	1	1
399.444	410.444	1	1
320	153.333	1	1
363.111	125.333	1	1
197.333	183.556	1	1
186.667	185.333	1	1
177.778	207.111	1	1
208.444	247.556	1	1
177.778	231.556	1	1
157.778	104.444	1	1
124	96.889	1	1
84	268	1	1
64.889	312.889	1	1
260	330.333	1	1
210.222	417	1	1
242.222	380.111	1	1
218.222	447.778	1	1
212.444	472.667	1	1
129.333	452.667	1	1
161.333	346.889	1	1
264	300.222	1	1
90.667	440.667	1	1
63.556	409.556	1	1
12	434.444	1	1
35.111	410	1	1
71.111	556.667	1	1
62.667	571.778	1	1
59.556	244.444	1	1
26.222	177.778	1	1
112	162.667	1	1
30.222	109.333	1	1
12.889	120.444	1	1
181.333	138.667	1	1
176	140.444	1	1
130.222	134.667	1	1
383.111	147.111	1	1
240.444	258.556	1	1
222.667	227.889	1	1
328.889	254.111	1	1
225.333	353	3	0.3
218.222	365	3	0.3
86.667	324.556	3	0.3
309.778	306.778	3	0.5
10.222	382.667	3	0.3
41.778	359.111	3	0.3
14.222	324.444	3	0.5
59.111	353.778	3	0.5
68	450.222	3	0.5
184	397	3	0.5
100.889	361.444	3	0.7
152	326.333	3	0.3
113.333	282.778	3	0.7
163.111	500.444	3	0.5
162.222	568.667	3	0.5
188	543.778	3	0.7
87.556	519.778	3	0.7
46.222	597.111	3	0.7
259.111	601.556	3	0.3
265.778	622.889	3	0.5
196.444	428.667	3	0.5
397.111	183.778	3	0.7
628.222	234.889	3	0.3
294.889	618.444	3	0.5
598	632.667	3	0.3
790.222	627.333	3	0.5
843.111	574.889	3	0.7
708.889	292.667	3	0.7
837.778	224.444	3	0.3
701.778	218.222	3	0.5
743.556	615.333	3	1
818.667	596.667	3	1
143.556	625.111	3	1
134.667	570.889	3	1
154.667	540.667	3	1
168.889	522	3	1
210.667	510.889	3	1
71.556	630.444	3	1
87.556	612.667	3	1
54.222	531.333	3	1
246.667	297.222	1	1
236.889	272.333	1	1
31.111	282.667	1	1
129.333	316.889	1	1
254.222	426.667	1	1
261.333	232.889	1	1
147.111	229.778	1	1
136	254.667	1	1
193.778	380.556	1	1
155.556	468.333	1	1
118.667	452.778	1	1
110.222	545.222	1	1
93.778	555	1	1
344	561.222	1	1
394.222	552.778	1	1
645.111	587.778	1	1
690.889	584.667	1	1
405.556	397.222	1	1
481.111	253.667	1	1
381.111	221.333	1	1
402.444	221.333	1	1
648.222	186.667	1	1

limite tejido
X (um)	Y (um)

limite lesion
X (um)	Y (um)
852.889	106.222
852	115.556
852	128
852.889	137.778
852.444	148.889
852.444	158.222
852.444	172.444
852	185.778
852.889	201.778
852.444	213.778
851.556	227.111
850.222	243.556
852.444	261.778
851.556	275.556
852.889	288.889
852.444	297.333
852.444	316.333
852.444	331
852.444	343
852.889	364.778
852.889	378.111
852.444	387.444
852	398.111
852.889	412.778
852.889	424.778
852	435.444
852.444	448.333
850.222	466.111
852.889	484.333
852.444	493.222
852.889	514
852.889	524.667
852.444	541.556
852.444	554
852	569.111
852.444	577.111
852	586
852.889	594
852.889	606
852.444	618.889
852.444	630.444
851.556	637.556

limite foto
X (um)	Y (um)
842.031	89.478
850.508	207.211
852.391	637.645
0.942	637.645
1.884	103.606
124.327	82.884
264.665	105.489
405.004	108.315
582.075	89.478
687.564	87.594

vaso
X (um)	Y (um)
248	117.778
242.667	125.333
234.667	132
231.111	141.778
234.222	148.444
242.222	147.556
248.889	135.556
261.778	124.889

vaso
X (um)	Y (um)
257.333	115.111
267.111	150.222
261.778	154.667
265.333	168.444
274.222	161.333
280	149.778
278.667	140.889

vaso
X (um)	Y (um)	
270.222	138.667
442.222	171.556
437.333	182.222
446.667	182.667
456	172.444
449.333	165.333

vaso
X (um)	Y (um)	
206.667	132
189.333	133.333
187.556	147.556
199.556	152
207.111	144.889

vaso
X (um)	Y (um)	
113.333	203.556
108	200.444
100.444	204
104.889	216.889
112.444	214.222

vaso
X (um)	Y (um)	
181.333	247.556
175.111	246.222
170.667	251.556
174.667	257.778
181.778	254.667
288	237.778
287.556	250.222
297.778	254.667
306.222	240.889
297.333	235.111

vaso
X (um)	Y (um)	
148.889	160.444
138.222	156
125.333	167.556
134.222	182.222
145.333	178.667
148.889	169.333

vaso
X (um)	Y (um)	
271.556	198.667
261.778	199.111
260.444	210.222
274.222	210.667
278.222	204.444

vaso
X (um)	Y (um)	
415.111	134.222
402.222	141.333
393.333	146.222
393.333	155.111
410.667	150.222
418.667	140.889

vaso
X (um)	Y (um)	
35.556	248.778
28.444	243.889
14.667	249.222
16.889	262.556
24	263.889
36	260.333

vaso
X (um)	Y (um)	
95.556	114.111
87.556	115
84.444	123.444
93.333	126.556
98.222	121.667

vaso
X (um)	Y (um)	
148	271.444
140	272.333
141.333	280.333
148.444	280.778
153.333	277.222

vaso
X (um)	Y (um)	
43.111	122.111
28	128.778
29.333	138.111
41.333	138.556
50.222	134.556

vaso
X (um)	Y (um)	
51.111	127.444
133.333	377.778
111.556	383.556
103.111	400.444
112.444	401.778
131.556	392.444

vaso
X (um)	Y (um)	
72	364.333
62.667	366.111
60.889	376.333
68	377.222
73.778	372.333

vaso
X (um)	Y (um)	
48.444	492.667
35.556	494
37.333	508.667
43.111	510
50.222	504.667

vaso
X (um)	Y (um)	
118.222	572.667
100.889	574.889
100	587.778
106.222	593.556
117.778	582.889

vaso
X (um)	Y (um)	
196	614.889
191.111	617.556
187.111	625.111
193.333	632.667
200	627.333

vaso
X (um)	Y (um)	
250.222	535.333
238.222	533.111
226.667	547.778
237.778	550.889
247.556	547.778

vaso
X (um)	Y (um)	
262.222	472.222
254.222	472.222
253.778	482.444
260.889	486.444
264	479.333

vaso
X (um)	Y (um)	
302.222	426.444
288	435.333
284.444	446.444
292.444	456.222
304.444	457.111
309.333	446.444
314.667	436.667
313.333	429.556

vaso
X (um)	Y (um)	
376.889	448.222
362.667	443.333
347.556	458.889
356	476.667
372.444	470
380.889	462

vaso
X (um)	Y (um)	
316.444	498
307.111	495.778
296	503.333
305.333	513.556
314.222	504.667

vaso
X (um)	Y (um)	
380.889	598.889
369.778	597.556
368.444	612.222
376	609.111
383.111	608.222

vaso
X (um)	Y (um)	
440.333	602.444
434.556	609.111
416.778	610.889
407	615.333
415	625.111
427.889	622.444
444.778	620.222
447	610

vaso
X (um)	Y (um)	
488.778	589.111
477.222	600.222
466.111	603.778
458.556	612.667
466.111	614.444
476.333	614
484.333	607.333
492.778	603.333
495	591.333

vaso
X (um)	Y (um)	
559.889	453.556
544.333	458
547.444	466.889
557.667	470
567.444	466.889
571.444	458.889

vaso
X (um)	Y (um)	
439	412.667
433.222	417.556
439.889	423.778
455	422.444
470.111	421.556
479	407.778
479	395.333
468.778	393.556
461.222	401.111
455.444	408.222

vaso
X (um)	Y (um)	
396.778	304.667
380.778	305.111
372.778	314.889
379.889	330
394.556	325.556
401.667	316.222

vaso
X (um)	Y (um)	
671	284.222
665.222	280.667
655	282.889
656.333	288.667
661.222	292.222
665.667	290.889

vaso
X (um)	Y (um)	
576.778	106
576.778	114
583	122
591	124.222
603	123.333
613.667	115.778
614.111	107.778
607.889	101.556
596.778	101.111
588.333	102

vaso
X (um)	Y (um)	
486.556	139.778
481.222	133.111
470.556	134.889
465.667	141.111
470.111	143.778
477.222	145.556

vaso
X (um)	Y (um)	
616.333	148.222
604.778	150.444
601.667	162.889
613.667	162.889
620.778	156.667

vaso
X (um)	Y (um)	
817.778	121.778
804	124.444
795.556	133.333
793.333	138.667
806.222	138.667
817.778	135.111
823.111	129.778
822.222	124.444

vaso
X (um)	Y (um)	
765.333	161.778
777.333	159.111
773.333	153.333
768.889	151.556
764.444	154.222

vaso
X (um)	Y (um)	
784	207.556
776	204
761.778	208
761.333	213.333
768	224.444
777.333	227.556
786.222	223.111
788	215.111

vaso
X (um)	Y (um)	
768	287
756.444	284.778
748	298.556
751.111	312.333
764	306.556
770.222	297.222

vaso
X (um)	Y (um)	
627.556	328
617.778	330.667
616	337.333
627.111	341.778
632	335.556

vaso
X (um)	Y (um)	
640.444	352.444
635.111	354.222
638.222	364.889
643.111	359.111
649.333	355.111

vaso
X (um)	Y (um)	
556.444	387.667
548.444	392.556
551.111	397.889
557.778	395.222
562.222	391.222

vaso
X (um)	Y (um)	
670.667	391.667
660.889	386.778
659.111	397.444
664.444	398.778
671.556	397.889

vaso
X (um)	Y (um)	
799.111	396.111
792.889	391.222
788.889	401.889
796.444	407.222
801.333	403.222

vaso
X (um)	Y (um)	
748	424.556
755.556	414.333
747.556	409
737.778	417
718.222	421.889
700.889	424.111
685.778	434.333
692	446.778
703.556	443.222
716.889	437
724.444	435.222
735.111	426.778

vaso
X (um)	Y (um)	
839.111	301.889
832.889	297.444
825.333	303.222
823.556	310.333
834.667	313

vaso
X (um)	Y (um)	
844	457.556
832	471.778
821.778	478
806.667	484.667
787.111	485.111
773.333	477.556
756.444	485.111
744.444	490.444
754.222	496.667
771.556	498.444
788.444	498.889
812	493.556
817.778	483.778
840.444	474
852.889	456.222

vaso
X (um)	Y (um)	
705.778	536.667
696.444	537.556
690.667	549.556
700.444	547.778
710.667	543.778

vaso
X (um)	Y (um)	
796.444	536.667
788.444	535.333
776.444	542
776.444	557.111
788.444	557.556
796.444	546.889

vaso
X (um)	Y (um)	
696.889	521.556
683.556	515.778
660.444	521.111
645.333	527.778
647.111	540.222
660	539.333
675.111	533.556
690.667	530

vaso
X (um)	Y (um)	
851.556	520.222
841.333	522
831.556	532.667
827.111	542.889
821.778	544.222
824.889	552.667
844.889	550.444
851.111	548.222
852	535.778

vaso
X (um)	Y (um)	
811.111	552.667
798.222	560.222
791.556	565.556
795.556	576.222
803.111	570.444
811.111	566.444
813.778	560.667

foto 4
pin 2
X (um)	Y (um)
245.667	121

pin 3
X (um)	Y (um)
61.333	590.667

celulas
X (um)	Y (um)	TIPO	PB
161.333	435.222	3	1
156	461	3	1
125.333	417.444	3	1
45.333	402.778	3	1
21.778	457.889	3	1
43.556	486.778	3	1
102.222	530.333	3	1
150.667	503.222	3	1
204	518.778	3	1
35.556	371.667	3	1
80	301.333	3	1
59.111	281.333	3	1
6.667	324.444	3	1
128	198.333	3	1
119.556	220.556	3	1
166.222	551.333	3	1
292.333	590.889	3	0.5
484.333	630.444	3	0.7
359.444	436.222	3	0.7
226.111	534.444	3	0.3
507.889	525.111	3	0.5
483.889	518.889	3	0.3
615.889	524.667	3	0.3
819.444	531.778	3	0.5
811.444	583.778	3	0.5
799.889	387.333	3	0.5
812.333	377.556	3	0.5
600.333	450.222	3	0.5
705.667	588.667	3	0.7
90.222	533.222	3	0.5
128	546.111	3	0.7
134.222	441.556	3	0.5
371.556	523.778	3	0.5
123.111	264.556	3	0.3
104.889	249	3	0.5
72	241.889	3	0.5
59.111	209.444	3	0.7
194.222	349.889	3	0.5
280	319.667	3	0.3
269.778	564.111	3	0.3
225.333	556.556	3	0.3
191.111	533.444	3	0.5
232.889	486.333	1	1
225.333	494.333	1	1
178.222	481	1	1
178.222	449.444	1	1
164.444	409.444	1	1
101.778	364.556	1	1
127.556	356.556	1	1
128	316.556	1	1
93.778	270	1	1
52	302.889	1	1
39.556	291.778	1	1
285.778	254.556	1	1
367.111	307.667	1	1
20.444	346.333	1	1
50.222	358.333	1	1
104	328.111	1	1
118.222	300.556	1	1
28.444	418.889	1	1
16.889	428.222	1	1
104	454.444	1	1
265.778	523.556	1	1
252.444	495.111	1	1
233.778	513.333	1	1
157.333	516.889	1	1
172.444	508	1	1
138.222	461.778	1	1
119.556	475.556	1	1
97.778	474.222	1	1
351.556	569.333	1	1
357.778	527.111	1	1
308.444	452.889	1	1
440.889	542.556	1	1
574.222	577.667	1	1
422.222	317.556	1	1
329.333	533.667	1	1
404	597.111	1	1
773.333	598	1	1
844.889	604.667	1	1
829.778	626	1	1
591.111	615.333	1	1
476	551.778	1	1
589.333	531.333	1	1
631.556	623.778	1	1
729.778	489.889	1	1
751.111	340.222	1	1
672	337.556	1	1
594.667	411.333	1	1
796.444	458.444	1	1
772.889	398	1	1
748.444	387.333	1	1
682.667	249.556	1	1
454.667	386.222	1	1
500	376.889	1	1
416.444	388.889	1	1
395.111	347.556	1	1
409.889	236.444	1	1
313.889	335.556	1	1
313.889	256.444	1	1
248.111	194.222	1	1
313	203.111	1	1
348.556	209.778	1	1
228.111	253.778	1	1
203.222	229.778	1	1
181	228	1	1

limite tejido
X (um)	Y (um)

limite lesion
X (um)	Y (um)
849.333	362.667
849.333	377.333
844	397.333
848	421.333
850.667	441.333
849.333	464
852	493.333
852	517.333
850.667	542.667
852	565.333
849.333	584
850.667	618.667
852	638.667

limite foto
X (um)	Y (um)
449.333	628
334.667	626.667
201.333	608
48	574.667
2.667	533.333
8	285.333
42.667	189.333
129.333	181.333
253.333	178.667
432	216
609.333	200
849.333	216
850.667	621.333

vaso
X (um)	Y (um)
239.333	207.667
228	203
216.667	212.333
218.667	227
234.667	222.333

vaso
X (um)	Y (um)	
300.667	217
291.333	221
292.667	228.333
300.667	228.333
307.333	221.667

vaso
X (um)	Y (um)	
290	345.667
274	350.333
268	364.333
277.333	376.333
292	369.667
294.667	359

vaso
X (um)	Y (um)	
305.444	299.778
296.111	299.778
291.222	311.333
301.444	312.667
308.556	308.667

vaso
X (um)	Y (um)	
272.556	285.556
258.333	292.222
257.889	299.333
266.778	297.556
273.444	295.778

vaso
X (um)	Y (um)	
243.222	293.556
235.667	295.333
223.667	305.556
217.889	314
226.778	316.222
235.667	311.333

vaso
X (um)	Y (um)	
243.667	302.444
244.111	426.556
236.111	422.111
227.667	423
221	426.111
219.222	431.444
230.778	435.889
240.556	432.778

vaso
X (um)	Y (um)	
112.667	486.667
105.333	486.667
90.667	489.333
94.667	497.333
106.667	498.667

vaso
X (um)	Y (um)	
482.667	420.667
468	411.333
451.333	408.667
450.667	424.667
470	430

vaso
X (um)	Y (um)	
424	466.667
424	456.667
397.333	465.333
374	480.667
378.667	514.667
398.667	510
406	499.333
405.333	481.333
414	476

vaso
X (um)	Y (um)	
72	411.333
74.667	398
81.333	383.333
89.333	386
84	401.333
77.333	418.667

vaso
X (um)	Y (um)	
522.667	296
512.667	298
513.333	309.333
524.667	308
530.667	298.667

vaso
X (um)	Y (um)	
570.667	260
556.667	260
556.667	272
564	274
576	271.333

vaso
X (um)	Y (um)	
422	430
413.333	420.667
392.667	416
396	430
398.667	439.333
408	442.667
414.667	440

vaso
X (um)	Y (um)	
572.667	501.333
564	508.667
557.333	519.333
566.667	520
574.667	510

vaso
X (um)	Y (um)	
616	580
606.667	578
599.333	592
609.333	596.667
616.667	590.667

vaso
X (um)	Y (um)	
624.667	338.667
608	342
617.333	355.333
626	355.333
637.333	346.667
648	368
665.333	351.333
683.333	354
696.667	356
695.333	366.667
672	370
657.333	370

vaso
X (um)	Y (um)	
630.667	212.667
622.667	210
616	221.333
625.333	222
633.333	220

vaso
X (um)	Y (um)	
606	239.333
596.667	228.667
581.333	236.667
586.667	246
602	250.667

foto 5
pin 3
X (um)	Y (um)
565	604.667

pin 4
X (um)	Y (um)
635.667	171

pin 5
X (um)	Y (um)
517	205.333

celulas
X (um)	Y (um)	TIPO	PB
482.444	82.667	1	1
423.778	168.444	1	1
447.778	176.444	1	1
461.111	240.444	1	1
379.778	244.444	1	1
323.333	259.556	1	1
303.333	284.444	1	1
405.111	263.111	1	1
407.333	233.778	1	1
366.889	68.556	1	1
397.111	58.333	1	1
409.111	72.111	1	1
387.778	120.111	1	1
348.667	116.111	1	1
257.556	184.111	1	1
486	337.778	1	1
486	422.667	1	1
276.667	230.556	1	1
342.444	245.778	1	1
363.778	296.667	1	1
158.889	218	1	1
150.444	164	1	1
96.889	89.778	1	1
79.111	154.667	1	1
63.556	152	1	1
99.556	166.222	1	1
20	195.111	1	1
226.667	284.778	1	1
201.778	316.111	1	1
45.333	368.889	1	1
102.667	398.667	1	1
195.111	386.333	1	1
150.222	244.444	1	1
52.444	264.444	1	1
45.333	317.333	1	1
260	52.889	1	1
221.333	81.333	1	1
73.333	100.889	1	1
42.222	102.222	1	1
18.222	96.444	1	1
281.333	183.556	1	1
292.444	132.889	1	1
261.333	19.111	1	1
367.111	20.444	1	1
364.444	40.889	1	1
204.444	21.333	1	1
233.778	44.889	1	1
88.444	22.667	1	1
184.889	128.889	1	1
193.333	193.333	1	1
140.444	193.778	1	1
48.889	208.444	1	1
28	173.778	1	1
259.111	388.333	1	1
243.111	399.889	1	1
240	378.111	1	1
234.222	251.667	1	1
312.889	163.222	1	1
364.889	151.222	1	1
240.889	25.778	1	1
475.667	184.444	1	1
456.111	18.667	1	1
449.889	122.667	1	1
319.222	93.333	1	1
262.778	102.222	1	1
211.667	98.222	1	1
363.667	101.778	1	1
349	271.778	1	1
426.778	390.556	1	1
446.333	559.333	1	1
523.667	472.667	1	1
583.667	484.222	1	1
432.111	444.778	1	1
384.111	439	1	1
293.667	372	1	1
264.778	256	1	1
251	156.667	1	1
316.333	224.444	1	1
293.222	217.778	1	1
286.556	210.222	1	1
340.333	139.889	1	1
402.556	151.444	1	1
423.444	152.333	1	1
167	276.778	1	1
179	147.444	1	1
268.778	308.889	1	1
209.667	336.444	1	1
89.778	205.778	1	1
74.667	244.444	1	1
121.333	133.778	1	1
150.222	47.111	1	1
172.444	324.667	1	1
250.667	368.222	1	1
86.667	392.111	1	1
100.444	371.556	1	1
210.667	159.111	1	1
117.778	249.222	3	1
32	269.222	3	1
102.667	323.444	3	1
186.667	299.444	3	1
328.889	401.444	3	1
340.444	424.111	3	1
300.889	422.333	3	1
283.556	435.222	3	1
217.778	411.222	3	1
158.667	430.778	3	1
386.222	345.222	3	1
20	353.667	3	1
200.444	215.444	3	1
144.444	128.889	3	1
222.222	136.444	3	1
139.111	80.889	3	1
178.222	58.222	3	1
405.333	10.222	3	1
447.556	57.333	3	1
252.889	86.333	3	1
426.667	289.556	3	1
349.333	203.667	3	1
436	91.111	3	1
396.444	184	3	0.5
451.111	195.556	3	0.5
417.778	313	3	0.5
492	286.778	3	0.3
422.667	345.444	3	0.3
456.444	339.667	3	0.7
414.222	402.556	3	0.5
261.333	321.222	3	0.5
306.667	349.667	3	0.5
66.667	37.778	3	0.5
36.889	58.667	3	0.7
117.778	72.444	3	0.7
202.222	69.778	3	0.5
195.556	29.333	3	0.3
175.556	22.222	3	0.3
51.111	330.333	3	0.3
168.889	351.222	3	0.5
291.111	262.444	3	0.7
29.333	407.222	3	0.7
82.667	373.444	3	0.5
132.444	277.889	3	0.5
390.667	324.556	3	0.5
407.111	360.222	3	0.5
394.667	374	3	0.3
334.222	371.333	3	0.3
333.333	324.222	3	0.5
418.222	196.778	3	0.5
376.444	402.778	3	0.7
72	321.889	3	0.5
149.778	187	3	0.3

limite tejido
X (um)	Y (um)

limite lesion
X (um)	Y (um)

limite foto
X (um)	Y (um)
480	5.333
494.667	84
504	196
508	300
512	384
525.333	437.333
598.667	470.667
493.333	486.667
333.333	484
184	478.667
54.667	445.333
2.667	414.667
4	69.333
44	8
193.333	2.667

vaso
X (um)	Y (um)
331.111	347.222
335.556	350.778
349.778	345
356.444	338.333
348	330.333
339.111	331.222
331.556	337

vaso
X (um)	Y (um)	
136.889	231.222
130.222	227.667
121.778	231.667
126.667	236.556
133.778	238.778

vaso
X (um)	Y (um)	
255.111	326.778
248.444	335.667
253.778	346.778
266.222	345
268.889	333.889
264	327.667

vaso
X (um)	Y (um)	
244.889	201.889
232	201.889
223.111	202.333
217.333	216.111
223.556	235.222
243.556	237
256.889	227.667
262.222	222.333
255.111	215.667
247.111	210.333

vaso
X (um)	Y (um)	
315.111	251.667
303.111	252.111
296.889	256.556
302.222	269.444
309.333	270.333
318.667	265
316.444	258.333

vaso
X (um)	Y (um)	
392.889	349
376.889	354.778
364.889	358.778
356	368.111
361.778	374.333
375.111	375.667
384.889	368.556
396	365.444
399.556	357.444

vaso
X (um)	Y (um)	
177.778	369.889
169.333	373.444
169.778	383.667
178.667	387.222
189.778	381.889
186.222	372.556

vaso
X (um)	Y (um)	
205.778	346.778
195.556	349.889
187.556	356.556
188.444	364.556
196	365.889
206.667	361.444
210.667	353.889

vaso
X (um)	Y (um)	
98.667	281
86.667	286.778
90.667	296.556
103.111	297.444
105.333	286.333

vaso
X (um)	Y (um)	
47.556	185.889
39.111	190.333
38.222	201.444
44.889	199.222
52	193.889

vaso
X (um)	Y (um)	
186.222	87.222
176.444	89
167.111	91.667
168.444	102.333
180.889	109
192.444	103.222
192	95.222

vaso
X (um)	Y (um)	
319.556	37.444
314.667	45.889
321.333	55.222
328	51.222
328.444	43.667

vaso
X (um)	Y (um)	
140.444	10.778
144.889	18.778
155.556	22.778
168	20.556
176.444	13.889
170.667	10.333
155.556	9

vaso
X (um)	Y (um)	
346.222	162.333
338.667	167.667
338.667	177
348	183.667
355.111	184.556
364	178.333
357.778	167.222

vaso
X (um)	Y (um)	
86.667	80.111
77.778	79.222
75.111	86.778
74.222	91.667
80.889	96.556
88.444	92.111
90.222	85.444

vaso
X (um)	Y (um)	
301.778	144.111
317.333	150.778
323.556	142.778
317.778	131.667
306.667	132.556
302.667	136.556

vaso
X (um)	Y (um)	
215.111	36.111
206.667	48.111
216.444	54.333
225.778	46.333
223.556	40.556

vaso
X (um)	Y (um)	
392.667	212.667
381.556	210.444
379.778	228.667
387.778	233.111
399.333	228.667
399.333	218.889

vaso
X (um)	Y (um)	
423.333	202
420.222	208.222
418	218.444
424.222	222.889
433.111	219.778
435.778	210
433.111	202.444

vaso
X (um)	Y (um)	
392.222	274
385.111	280.222
385.556	292.222
395.333	294
407.333	287.778
401.111	280.667

vaso
X (um)	Y (um)	
441.111	254.889
430	253.111
430.444	260.667
431.778	273.111
441.556	272.222
447.333	264.667

vaso
X (um)	Y (um)	
459.778	350.556
448.667	348.778
439.333	359.444
443.778	370.111
450.889	374.111
472.667	375.444
475.333	364.778

vaso
X (um)	Y (um)	
473.111	356.778
366.444	329.667
374.444	332.778
381.111	324.778
377.111	312.333
363.333	311.444
351.778	312.333
352.222	325.667
358.889	327

vaso
X (um)	Y (um)	
308.222	102.556
310.889	95.889
304.667	89.222
298.889	91
294	97.667
296.667	104.333
303.778	106.556

vaso
X (um)	Y (um)	
49.333	114.667
35.111	107.556
28.889	118.222
38.222	127.111
46.667	127.556

vaso
X (um)	Y (um)	
126.667	19.111
120.889	25.333
109.333	36.444
105.333	46.667
104.889	55.556
112.889	56
116.889	48.889
124	43.556
131.556	36.444
129.333	25.778

vaso
X (um)	Y (um)	
305.778	305.111
297.778	303.333
291.556	314.444
298.222	323.333
306.222	321.111
311.111	329.556
325.778	329.556
328.444	318.889
320.889	310.444
311.111	307.778

foto 6
pin 4
X (um)	Y (um)
697	598

pin 6
X (um)	Y (um)
588	40.667

pin 7
X (um)	Y (um)
332.889	19.778

pin 14
X (um)	Y (um)
112	78.667

celulas
X (um)	Y (um)	TIPO	PB
458.667	311.444	1	1
532	303.889	1	1
519.111	294.111	1	1
466.667	372.333	1	1
373.333	395.444	1	1
330.222	403.556	1	1
329.333	375.556	1	1
307.556	341.333	1	1
185.778	350.667	1	1
256.889	252	1	1
343.556	230.667	1	1
349.778	198.222	1	1
456.444	85	1	1
446.667	122.333	1	1
488.889	118.778	1	1
494.667	167.667	1	1
480	151.333	1	1
492	133.556	1	1
297.333	182.889	1	1
297.333	200.667	1	1
246.222	178	1	1
344.889	135.111	1	1
168	160	1	1
254.667	112.889	1	1
270.667	157.333	1	1
294.667	148.444	1	1
347.556	103.111	1	1
337.778	74.222	1	1
435.556	285.111	1	1
363.111	173.556	1	1
377.778	132.222	1	1
172.889	129.778	1	1
210.667	172.889	1	1
260	324.222	1	1
380.889	298	1	1
389.778	200.222	1	1
244	361	1	1
228	375.667	1	1
276	381	1	1
303.556	358.333	1	1
356.889	323.333	1	1
395.556	332.667	1	1
231.111	282.889	1	1
221.778	312.667	1	1
411.111	364.667	1	1
424.444	378.444	1	1
450.222	381.556	1	1
479.111	257.889	1	1
450.667	227.222	1	1
456	50.222	1	1
482.667	50.222	1	1
544.889	34.222	1	1
487.111	231.667	1	1
304.889	114.778	1	1
261.333	123.667	1	1
169.778	113.778	1	1
356.889	65.333	1	1
428.444	12	1	1
225.333	7.556	1	1
248	25.778	1	1
259.111	49.778	1	1
195.111	259.444	1	1
189.778	330.667	1	1
514.667	330.667	1	1
520.444	408.222	1	1
532.889	367.778	1	1
548.889	363.333	1	1
408.444	250.889	1	1
478.667	352.667	1	1
345.333	287.778	3	1
192	161.444	3	1
175.556	179.667	3	1
273.333	104	3	1
350.667	34.222	3	1
122.667	145.778	3	1
110.222	184.889	3	1
70.667	288.111	3	1
119.111	361.667	3	1
144.889	375.889	3	1
12.889	273.333	3	1
11.556	417.556	3	1
112.444	394.444	3	1
164.889	336.111	3	1
158.222	276.778	3	1
75.556	253.778	3	1
79.111	161.778	3	1
13.333	214.333	3	1
76.889	392.778	3	1
155.111	359.444	3	1
11.556	362.444	3	1
38.667	250.556	3	1
61.333	87.333	3	1
120.889	45.778	3	1
146.222	88	3	1
200.889	100	3	1
246.222	86.222	3	1
136.889	17.778	3	1
44.889	56	3	1
19.556	115.111	3	1
45.333	159.556	3	1
92.444	203.333	3	1
92	341	3	1
33.778	384.556	3	1
431.222	93.667	3	1
421	185.667	3	1
429.444	162.556	3	1
408.111	124.778	3	1
382.333	33.778	3	1
447.667	204.889	3	1
53.333	127.556	3	1
26.667	323.333	3	0.5
217.333	224.222	3	0.3
22.667	196.556	3	0.7
45.778	182.333	3	0.7
188	74.222	3	0.7
8.889	88	3	0.5
120.889	65.333	3	0.5
185.333	27.556	3	0.3
73.778	53.333	3	0.3
58.222	60.889	3	0.3
34.222	37.333	3	0.5
496.778	12.444	3	0.5
520.778	227.889	1	1
528.333	211.444	1	1
530.111	155.889	1	1
513.889	50.222	1	1
498.333	69.333	1	1
387.667	72.889	1	1
420.556	65.778	1	1
314.333	288	1	1
401	370.667	1	1
362.778	366.667	1	1
333	327.444	1	1

limite tejido
X (um)	Y (um)

limite lesion
X (um)	Y (um)

limite foto
X (um)	Y (um)
556	8
558.667	81.333
548	156
561.333	361.333
517.333	434.667
362.667	414.667
205.333	446.667
2.667	432
4	48
88	8
320	6.667

vaso
X (um)	Y (um)
324.556	120.889
320.111	128.444
325.889	138.667
335.667	133.778
336.111	124.444

vaso
X (um)	Y (um)	
386.778	159.111
377.889	164.889
378.333	178.222
386.778	180.444
391.667	175.556
393.444	166.667

vaso
X (um)	Y (um)	
330.778	194.667
323.222	200.889
322.778	215.111
330.333	214.222
339.222	206.667
341.444	197.778

vaso
X (um)	Y (um)	
217	105.333
207.222	103.556
202.778	106.667
193.444	112.889
194.778	124.444
204.111	125.778
212.556	125.333
217	116.444

vaso
X (um)	Y (um)	
396.111	50.222
387.667	52
385	60.444
389.444	64.444
396.556	61.778
405	54.222

vaso
X (um)	Y (um)	
295.667	68
289.444	83.111
295.222	87.111
308.556	81.778
316.556	75.111
333	64
330.778	54.222
314.778	58.222
302.333	63.111

vaso
X (um)	Y (um)	
179.222	51.111
174.333	52
169	59.556
169.889	74.667
181.444	71.111
186.778	65.778
191.667	58.667
186.333	51.556

vaso
X (um)	Y (um)	
293	216.889
290.778	224
297	229.333
306.778	226.667
307.222	217.778

vaso
X (um)	Y (um)	
398.333	120
389.444	118.222
385	122.667
392.556	132
400.556	128.444

vaso
X (um)	Y (um)	
234.778	172.444
223.222	175.556
217.444	190.222
233	200
241.889	192
239.222	183.556

vaso
X (um)	Y (um)	
183.667	242.222
173	238.667
176.556	252.444
189.444	248.444

vaso
X (um)	Y (um)	
213.444	66.333
212.556	72.556
216.111	77.889
223.222	76.111
224.556	67.222
219.667	64.556

vaso
X (um)	Y (um)	
329	157.889
323.667	162.333
324.556	173.444
333.889	173.889
340.111	166.778
337.444	160.111

vaso
X (um)	Y (um)	
543.667	55.222
531.222	60.556
537.444	69.444
547.667	66.778
547.667	59.667

vaso
X (um)	Y (um)	
497.444	402.556
490.778	416.333
501	420.778
509.889	413.222
508.111	404.333

vaso
X (um)	Y (um)	
473.444	276.778
484.556	276.333
489.889	264.778
485.444	259.444
477.889	263
471.667	267
465	275

vaso
X (um)	Y (um)	
175.222	406.556
169.889	411.889
168.556	421.667
177	425.667
181	418.556
180.556	409.667

vaso
X (um)	Y (um)	
239.667	320.778
233.889	324.333
235.222	334.556
243.222	336.333
247.222	329.222
246.778	319

vaso
X (um)	Y (um)	
210.778	292.333
209.889	303.889
221	305.667
227.667	296.778
224.111	289.222
217.444	288.333

vaso
X (um)	Y (um)	
193.889	424.778
203.222	428.333
213.444	433.222
225.889	429.667
232.111	425.667
242.333	419.889
234.333	410.111
217.444	405.667
209.889	405.222
201.889	409.222
196.556	416.778

vaso
X (um)	Y (um)	
283.222	279.889
275.667	283.889
279.222	292.778
288.556	291.444
287.667	283.889

vaso
X (um)	Y (um)	
374.778	8
364.556	16
371.667	20.889
383.222	20.444
385.889	11.111

vaso
X (um)	Y (um)	
138.222	232.444
127.556	238.222
133.333	248.444
139.111	250.667
144.889	245.778
147.111	238.667

vaso
X (um)	Y (um)	
149.333	157.333
132.444	157.778
135.556	171.556
146.667	174.667
154.222	170.222

vaso
X (um)	Y (um)	
111.556	135.111
104.889	131.556
98.222	141.333
103.111	147.556
110.667	150.222

vaso
X (um)	Y (um)	
141.333	27.556
129.778	36
130.667	42.222
137.333	40
146.667	35.556
151.111	26.667

vaso
X (um)	Y (um)	
44.889	132
30.222	137.778
30.667	147.111
40	149.333
47.111	143.111
54.222	135.111

vaso
X (um)	Y (um)	
127.556	324.444
112.889	322.222
108.889	332.444
113.333	341.778
128.444	343.556
130.667	336

vaso
X (um)	Y (um)	
103.111	256.889
111.111	252.889
113.333	240.889
106.667	235.556
98.667	234.222
97.333	247.111
95.111	254.667

vaso
X (um)	Y (um)	
70.667	325.333
67.111	330.667
68	337.333
75.111	336.444
78.222	327.556

foto 7
pin 7
X (um)	Y (um)
351.556	465

pin 8
X (um)	Y (um)
688.556	408.778

pin 9
X (um)	Y (um)
322.222	47.111

pin 12
X (um)	Y (um)
78	315.333

celulas
X (um)	Y (um)	TIPO	PB
591.778	424.333	1	1
576.667	429.222	1	1
563.778	401.667	1	1
587.778	337.222	1	1
582	335.444	1	1
461.111	330.556	1	1
492.667	326.111	1	1
421.111	331	1	1
453.111	363.444	1	1
422.889	396.778	1	1
301.111	398.111	1	1
318.444	366.111	1	1
403.778	363.444	1	1
348.667	288.333	1	1
338	306.556	1	1
300.222	287.444	1	1
330.444	253.667	1	1
443.778	225.222	1	1
476.667	269.222	1	1
601.111	258.556	1	1
577.556	247.444	1	1
482.889	193.667	3	1
382.444	443.889	1	1
389.556	372.333	1	1
268.222	435.889	1	1
234.889	440.778	1	1
222.444	397.667	1	1
606	298.111	1	1
605.556	313.222	1	1
573.111	296.333	1	1
516.667	236.333	1	1
540.222	214.111	1	1
364.222	193.667	3	1
394.444	211	3	1
414.889	219.889	3	1
366.889	304.333	1	1
439.778	283	1	1
460.667	284.778	1	1
454	180.778	3	1
427.778	207.889	1	1
444.222	199.889	3	1
574	147.889	1	1
318.889	213.222	1	1
279	20.444	3	1
447.444	23.556	3	1
301.333	24	3	1
237.778	30.222	3	1
174.222	37.778	3	1
265.778	37.778	3	1
296.889	40	3	1
360.444	46.667	1	1
488.444	49.778	1	1
403.778	50.667	3	0.7
232.444	51.556	3	1
241.333	53.222	1	1
535.111	55.556	1	1
321.111	65.333	1	1
124	74.222	3	1
559.444	75.556	3	1
278.222	81.333	1	1
140	81.778	1	1
439.444	81.778	3	0.5
539.111	82.667	1	1
300	88	1	1
465.778	88	1	1
521.333	88.889	1	1
385.778	91.556	1	1
319.444	91.556	3	0.5
161.778	92.444	3	0.3
580.444	100.889	1	1
179.111	102.222	1	1
527.111	102.667	1	1
404.444	103.111	1	1
264.444	104.889	3	1
30.667	107	1	1
97.778	111.778	3	1
575.556	112.444	1	1
292.889	114.222	1	1
427.111	114.667	1	1
246.667	117	1	1
226.667	124.444	1	1
63.111	125.556	3	1
352.444	126.222	1	1
82.222	126.889	3	1
459.444	131.556	3	0.5
24.889	132.222	3	1
328.444	135.111	1	1
559.556	137.444	1	1
100.889	138.667	3	1
407.444	144	3	0.3
489.556	151.444	1	1
318	151.444	1	1
347.111	155.667	1	1
80	159.556	3	1
60	165.222	3	0.5
36.444	165.667	3	0.3
249.778	167.556	1	1
85.778	171.111	1	1
399.889	171.556	3	0.3
170.222	175.556	1	1
432.444	181.222	1	1
62.222	181.222	1	1
312.444	184.556	1	1
555.778	184.778	1	1
111.556	188.444	1	1
376.889	190.111	1	1
91.111	191.222	1	1
183.111	192.778	1	1
219.556	195.222	1	1
513.111	196.778	1	1
58.667	206.222	1	1
74.222	207.111	3	0.5
343.111	207.556	1	1
124	209.333	1	1
32.889	213.111	1	1
159.556	214.778	1	1
274.222	215	1	1
118.667	216.667	1	1
307.111	222.778	1	1
464.333	224.667	3	0.3
240.222	226.778	1	1
590.667	228.333	1	1
179.111	230.444	1	1
191.111	232.556	1	1
78.222	237.111	1	1
345.778	237.444	1	1
37.333	238	1	1
142.222	247.444	1	1
182.667	247.778	1	1
553.333	255.111	1	1
113.333	255.556	1	1
502.667	257.667	1	1
149.778	258.111	1	1
389.778	264.222	1	1
200.444	265.667	3	1
7.556	273.333	3	0.7
67.111	280.444	1	1
496	281.333	1	1
229.778	284	1	1
159.111	288.333	1	1
172.889	288.889	3	0.5
31.556	293.222	1	1
403.444	296.444	3	0.5
177.778	301.222	1	1
448.444	302.556	1	1
259.556	310.333	1	1
354.222	312.222	1	1
120	313	1	1
109.333	317.333	3	0.5
322.667	319.444	3	1
257.111	321.889	1	1
385.111	323.444	1	1
236	324.333	3	1
21.778	328.222	1	1
530.222	332.444	1	1
155.111	336.111	1	1
347.111	348.667	1	1
264.444	351.222	1	1
228.444	352.556	1	1
64.444	354.778	1	1
35.111	363.222	1	1
94.222	363.222	1	1
138.667	368.333	1	1
178.222	369.556	1	1
504.778	372.111	3	0.7
51.111	374.444	1	1
587.556	383.556	1	1
101.333	387.444	1	1
21.778	390	1	1
267.333	391.111	1	1
201.778	392.556	1	1
152	394	1	1
88	395.667	1	1
64	395.889	1	1
172	402.778	1	1
378.889	404.333	1	1
453.333	409.444	1	1
11.556	411.222	1	1
275.778	415.111	1	1
526.111	417.889	3	0.3
415.111	418.667	1	1
450.222	432.111	1	1
198.222	436.222	1	1
75.111	436.556	3	1
26.222	439.222	1	1
156.889	444.667	1	1
5.778	446.778	1	1
102.667	450.667	1	1
508.889	453.889	1	1
24.444	454.778	1	1
312.889	457.444	1	1
450.444	459	1	1
154.222	462.778	1	1
15.111	473.111	1	1
139.556	510.889	1	1
374.667	513.556	1	1
354.222	521.111	1	1
264	533.556	1	1
29.333	535.333	1	1
218.222	541.556	1	1
37.778	553.111	1	1
193.333	561.111	1	1
326.222	566	1	1
188.889	576.222	1	1
363.556	580.667	1	1
310.222	590.889	1	1
289.778	603.778	1	1
185.333	606	1	1
260.889	611.778	1	1
227.556	614	1	1

limite tejido
X (um)	Y (um)
23.667	12.889
31.222	28.444
46.333	40
68.111	49.333
95.667	45.333
115.222	38.667
124.556	24.444
125.444	12
128.556	4.444

limite lesion
X (um)	Y (um)

limite foto
X (um)	Y (um)
562.667	8
568	40
600	117.333
613.333	269.333
620	334.667
594.667	472
532	522.667
402.667	592
344	620
210.667	628
113.333	592
16	576
0	464
5.333	10.667
23.667	12.889
31.222	28.444
46.333	40
68.111	49.333
95.667	45.333
115.222	38.667
124.556	24.444
125.444	12
128.556	4.444

vaso
X (um)	Y (um)
343.333	88
356.667	90.667
363.333	81.333
363.778	61.778
351.333	57.778
342	60
341.111	77.333

vaso
X (um)	Y (um)	
365.111	119.556
358	128
364.222	132.444
372.222	130.222
374.444	123.111

vaso
X (um)	Y (um)	
592.222	197.778
590	208
590.444	220.444
599.778	219.556
602.889	211.556
602.444	202.222

vaso
X (um)	Y (um)	
334.889	94.222
317.556	101.778
310.889	113.333
314.444	126.667
322.889	126.667
336.667	130.222
343.778	118.222
342.444	103.556

vaso
X (um)	Y (um)	
528.222	1.333
525.111	11.556
533.111	12
538.889	5.333

vaso
X (um)	Y (um)	
418.889	192
402.889	193.778
407.333	204.444
413.556	208.889
422	209.333
424.667	199.556

vaso
X (um)	Y (um)	
433.556	245.778
420.667	249.333
422	258.222
430	256.889
437.556	251.111

vaso
X (um)	Y (um)	
382	174.333
491.778	355.556
486.889	363.111
492.222	367.111
496.667	370.222
505.556	366.667
514.444	367.556
505.111	377.333
496.667	383.111
488.222	380
481.111	390.667
473.556	409.333
464.222	414.667
457.556	423.556
457.111	432.444
465.111	431.556
475.333	425.778
486	416
497.111	401.778
511.333	394.667
523.778	386.222
531.333	366.222
538	354.667
531.778	345.333
523.333	350.222
518.444	358.667

vaso
X (um)	Y (um)	
486	330.667
475.778	338.222
481.111	349.333
493.111	350.667
499.333	342.222
497.556	333.778

vaso
X (um)	Y (um)	
525.111	308
519.778	313.333
519.778	323.556
531.778	327.556
535.778	316.889
535.333	308
533.556	302.667

vaso
X (um)	Y (um)	
383.778	384.333
386.444	394.111
397.556	393.667
396.667	384.333
389.556	381.222

vaso
X (um)	Y (um)	
445.556	335
436.667	346.111
442.444	357.667
451.333	352.333
457.556	344.778

vaso
X (um)	Y (um)	
344.222	366.111
332.222	364.778
329.111	378.111
328.667	394.556
336.667	397.667
345.556	399
355.333	391.444
352.222	383
347.333	373.222

vaso
X (um)	Y (um)	
281.556	321.667
274.444	320.333
273.111	331
278.889	335
286.889	331
286.444	323.889

vaso
X (um)	Y (um)	
403.333	223.111
394.889	232.444
397.556	238.667
406.444	236.444
413.111	232
409.556	224

vaso
X (um)	Y (um)	
156	161.333
140.444	159.556
132	168
133.333	178.667
139.111	181.333
152.889	184.889
159.556	175.111
161.333	165.333

vaso
X (um)	Y (um)	
120.889	78.667
109.333	82.222
99.111	89.778
105.333	104
116.889	104.444
121.333	96
123.111	89.333
120.444	83.556

vaso
X (um)	Y (um)	
77.778	62.222
64	63.556
57.333	54.667
46.222	52
34.667	62.667
45.778	76.889
56	87.111
70.667	88.444
85.333	86.667
96.889	81.333
115.556	75.556
114.667	63.556
112.889	53.333
96.444	54.667
81.778	61.333

vaso
X (um)	Y (um)	
183.556	58.222
168.444	60
152.889	72.889
156.444	81.778
170.222	89.778
182.667	86.222
186.667	77.333
185.333	68.889
176	61.333

vaso
X (um)	Y (um)	
5.778	253.778
14.222	258.222
21.778	250.667
24	238.667
26.222	218.222
25.333	206.222
27.111	193.333
22.667	172.889
11.556	169.778
3.111	175.556
1.333	186.222
1.778	244.444

vaso
X (um)	Y (um)	
167.556	239.222
159.111	233
152.889	232.111
148.889	245.444
161.778	255.222
167.111	251.667

vaso
X (um)	Y (um)	
57.778	301
68	293.889
62.222	283.222
52	284.111
38.667	294.333
40.444	301
44.889	305

vaso
X (um)	Y (um)	
132.889	285
117.333	290.778
128.889	304.111
134.667	299.222
140.889	292.111

vaso
X (um)	Y (um)	
128.444	345.778
115.111	356.444
126.222	362.667
134.222	356.444
137.333	347.111

vaso
X (um)	Y (um)	
45.778	423.222
37.778	413.889
30.667	413.889
25.778	425.889
30.222	433.889
44.889	433.889

vaso
X (um)	Y (um)	
214.667	9.333
202.667	12.444
191.556	21.333
194.667	32
213.333	29.778
216.444	20.444

vaso
X (um)	Y (um)	
251.111	8
241.333	8
237.333	20.444
244.444	22.222
255.111	20.444

vaso
X (um)	Y (um)	
216.444	157.778
207.111	156.444
209.333	166.222
209.778	172
212	176.889
218.667	181.778
227.556	179.556
219.556	170.667
219.111	164.444
	
foto 8
pin 10
X (um)	Y (um)
657.333	220.333

pin 9
X (um)	Y (um)
305.222	226.778

pin 11
X (um)	Y (um)
31.333	206.333

celulas
X (um)	Y (um)	TIPO	PB
351.556	145.333	3	1
368.444	132.444	3	1
356.889	116.889	3	1
324.444	125.333	3	1
305.778	128.889	3	1
278.667	130.667	3	1
284.444	153.778	3	1
219.556	165.778	3	1
464.333	142.667	3	1
403	132.889	3	1
387.444	138.667	3	1
423.444	178.222	3	1
502.111	123.111	3	1
436.778	132.667	3	1
331	142	3	0.5
311.444	154.889	3	0.5
246.556	152.667	3	0.3
516.333	131.778	3	0.5
500.333	144.222	3	0.5
424.333	129.556	3	0.7
202.667	195.667	3	0.5
180.889	177	3	0.7
240	166.333	3	0.3
366.333	151.111	3	0.5
433.556	154.667	3	0.5
423.778	92	3	0.5
452.778	146.222	1	1
474.111	156.889	1	1
461.222	167.556	1	1
417.222	144.889	1	1
275.444	167.111	1	1
290.556	166.667	1	1
521.667	151.556	1	1
408.333	166.222	1	1
350.667	163.667	1	1
558	129.667	3	1
539.667	104.667	3	1
595.333	106.667	3	1
546	138.333	3	1
542.333	92.667	3	1
583.667	129	1	1
584.667	144	1	1
561.667	161.667	1	1
497.667	172.333	1	1
573	177	1	1
595.333	138.667	1	1
601.667	135	1	1
598	158.667	1	1
586	158	1	1
603.444	187.222	3	1
599.889	200.556	3	1
584.778	234.333	3	1
555.889	201	3	1
577.222	197	3	1
594.111	251.667	3	1
587	284.111	3	1
607.889	285.444	3	1

limite tejido
X (um)	Y (um)
111.556	173
126.667	165.889
137.778	160.111
150.222	145.889
161.778	138.333
175.556	133
193.333	141.889
208.889	145
232.444	134.778
244.889	121
251.111	106.333
281.333	104.111
299.111	105
311.556	101
320.889	93.444
337.778	94.333
344	97.889
357.778	99.667
364.444	87.222
376.444	89.444
390.667	96.556
396.444	98.778
408.111	104.889
414.778	88
423.222	76.444
427.222	105.778
443.667	117.778
471.667	117.333
489.444	102.222
504.111	88.444
519.667	80.889
539	85
553	74
578	88
603	93
615	103

limite lesion
X (um)	Y (um)

limite foto
X (um)	Y (um)
111.556	173
126.667	165.889
137.778	160.111
150.222	145.889
161.778	138.333
175.556	133
193.333	141.889
208.889	145
232.444	134.778
244.889	121
251.111	106.333
281.333	104.111
299.111	105
311.556	101
320.889	93.444
337.778	94.333
344	97.889
357.778	99.667
364.444	87.222
376.444	89.444
390.667	96.556
396.444	98.778
408.111	104.889
414.778	88
423.222	76.444
427.222	105.778
443.667	117.778
471.667	117.333
489.444	102.222
504.111	88.444
519.667	80.889
539	85
553	74
578	88
603	93
615	103
611	122
611.667	150.667
609.667	237.333
611	294.667
591	297.333
573	266
563	222.667
541.667	179.333
476.333	190.667
408.333	188
363	174.667
272.333	180
227	184.667
202.333	209.333
166.333	198.667
112.333	190.667

vaso
X (um)	Y (um)
572.333	100
558	103.333
553	112.333
562.333	119.667
574	119.667
578	113

vaso
X (um)	Y (um)	
561	139
555.333	142.667
560.667	148.333
565.333	145.333
568.667	137

vaso
X (um)	Y (um)	
271	151.333
262.333	154.333
265.667	164
274.333	161.667
278	158.333

vaso
X (um)	Y (um)	
169.333	175.667
161.667	183.667
159.667	189.667
169.333	191
171	184.333
175	178.667

foto 9
pin 11
X (um)	Y (um)
457.667	166.667

pin 12
X (um)	Y (um)
486.5	455.5

pin 13
X (um)	Y (um)
70.667	625.778

pin 19
X (um)	Y (um)
0.444	489.111

celulas
X (um)	Y (um)	TIPO	PB
385.333	236.556	3	1
342.222	270.333	3	1
381.333	289	3	1
208.889	273	3	1
17.333	319.667	3	1
287.556	220.556	3	1
189.333	249	3	1
140.444	257	3	1
378.667	172.556	3	1
343.111	171.667	3	1
361.333	183.667	3	1
320.889	212.111	3	1
223.111	299.667	3	1
305.778	275.556	3	1
395.556	232.778	3	1
370.222	250.111	3	1
55.111	307.889	3	1
17.333	410.333	3	1
251.111	224.111	3	1
8	273.889	3	1
46	362.444	3	0.5
35.333	362	3	0.5
314	312.222	3	0.5
334.889	288.667	3	0.5
374.889	217.556	3	0.5
369.111	237.111	3	0.3
364.222	338	3	0.5
246	258	3	0.5
266.889	218.444	3	0.7
320.667	185.556	3	0.7
310.444	190.889	3	0.3
331.333	202	3	0.3
346.889	250	3	0.7
54.444	289.111	3	0.5
235.778	382	3	0.7
67.778	335.111	3	0.7
54	405.222	3	0.3
31.333	430.556	3	0.3
150	415.556	3	0.3
135.333	423.556	3	0.5
253.556	341.333	3	0.5
392.667	272.333	3	0.5
251.333	294.111	3	0.5
278.889	270.556	3	0.3
312.222	243.444	3	0.3
330.889	234.556	3	0.7
297.556	240.778	3	0.3
288.222	239	3	0.7
251.778	243.889	3	0.5
247.333	311.444	3	0.3
322	343	3	0.7
335.333	336.333	3	0.5
378	362	3	0.3
161.111	310.111	3	0.5
175.778	285.667	3	0.5
186.889	314.111	3	0.3
197.111	411.889	3	0.7
314	439.111	3	0.5
313.111	470.667	3	0.5
202.889	483.667	3	0.5
326.444	537.444	3	0.5
88.667	547.667	3	0.5
225.556	442.889	3	0.3
262.889	457.111	3	0.5
270	553	3	0.5
236.667	542.444	3	0.3
383.333	619.333	3	0.3
237.556	610	3	0.5
102	522.889	3	0.5
239.778	490.444	3	0.7
414	591.778	3	0.7
349.111	417.556	3	5
378.889	394.889	1	1
391.333	412.222	1	1
137.556	616.667	1	1
170.889	577.556	1	1
158.889	571.778	1	1
205.111	617.111	1	1
224.222	628.667	1	1
351.778	606.444	1	1
379.778	588.222	1	1
383.333	579.333	1	1
373.556	559.333	1	1
327.778	634	1	1
251.778	463.222	1	1
291.333	472.556	1	1
308.222	486.778	1	1
332.222	474.333	1	1
302.889	500.556	1	1
77.111	499.667	1	1
46.444	483.222	1	1
171.333	452.889	1	1
133.556	449.333	1	1
213.556	383.111	1	1
365.111	376	1	1
303.778	312.889	1	1
77.556	404	1	1
362.889	300.444	1	1
412.667	257.778	1	1
410.444	226.667	1	1
270.889	316.444	1	1
286	321.778	1	1
298.444	364.889	1	1
259.778	376	1	1
285.111	385.778	1	1
173.111	406.667	1	1
54.444	393.778	1	1
174.889	482.333	1	1
130.444	488.111	1	1
208.222	544.222	1	1
162.889	550.889	1	1
178.889	546	1	1
194.444	520.667	1	1
232.222	529.111	1	1
385.111	441.556	1	1
395.778	494.444	1	1
376.667	542	1	1
283.778	505.111	1	1
107.333	546.889	1	1
121.111	584.667	1	1
196.222	606.889	1	1
272.222	627.333	1	1
109.556	469.667	1	1
364.222	437.667	1	1
359.778	620.667	1	1
329.111	571.778	1	1
306	572.667	1	1
342.889	554.444	1	1
278.889	533.556	1	1
219.778	517.111	1	1
102	498	1	1
46.444	443.333	1	1
22.889	469.556	1	1
46	623.778	1	1
208.667	561.556	1	1
394	466.444	1	1
349.556	489.111	1	1

limite tejido
X (um)	Y (um)
414.667	135.556
408.889	136.444
400.889	130.667
389.778	129.778
384.889	150.667
369.778	149.778
355.111	149.333
349.333	156
335.111	149.778
318.222	168
299.556	170.222
285.778	174.222
253.778	172.444
244.444	178.667
242.222	194.222
221.333	206.667
203.556	226.222
181.333	232.444
160.889	243.556
144.444	233.778
131.111	221.333
126.667	212.444
113.778	215.556
104	224.889
90.667	232.444
75.556	238.222
71.556	248.444
62.667	255.556
46.667	256
41.333	251.111
32.444	260.889
21.333	256
10.667	249.333
1.333	251.556

limite lesion
X (um)	Y (um)

limite foto
X (um)	Y (um)
1	292
4	475
25	633
254	634
410	630
431	577
407	434
440	382
425	297
419	190
414.667	135.556
408.889	136.444
400.889	130.667
389.778	129.778
384.889	150.667
369.778	149.778
355.111	149.333
349.333	156
335.111	149.778
318.222	168
299.556	170.222
285.778	174.222
253.778	172.444
244.444	178.667
242.222	194.222
221.333	206.667
203.556	226.222
181.333	232.444
160.889	243.556
144.444	233.778
131.111	221.333
126.667	212.444
113.778	215.556
104	224.889
90.667	232.444
75.556	238.222
71.556	248.444
62.667	255.556
46.667	256
41.333	251.111
32.444	260.889
21.333	256
10.667	249.333
1.333	251.556
vaso
X (um)	Y (um)
97.556	395
114.889	399.444
126.444	402.556
146.889	390.111
156.667	379
162	367
165.556	352.778
159.778	333.222
153.556	320.778
139.333	314.556
130.889	306.667
121.556	298.667
111.778	285.778
95.778	288.444
98.889	317.333
101.556	337.778
103.333	366.667
98.444	374.667
93.556	385.778
101.556	390.667

vaso
X (um)	Y (um)	
32.222	328
27.333	326.667
23.778	331.111
27.778	337.778
36.667	334.667

vaso
X (um)	Y (um)	
171.778	301.333
180.222	301.778
185.556	292
175.333	290.667

vaso
X (um)	Y (um)	
265.111	399.111
257.556	401.778
257.556	411.556
264.667	418.222
271.778	413.778
274.889	403.111

vaso
X (um)	Y (um)	
349.556	343.556
344.667	346.222
344.222	359.556
350.889	367.556
359.333	363.556
363.333	350.667
357.556	344.444

vaso
X (um)	Y (um)	
302.444	400
287.778	408.889
295.778	421.778
312.222	423.556
320.222	405.778
311.333	401.333

vaso
X (um)	Y (um)	
397.556	293.333
386.444	291.556
372.667	300.889
366.444	313.333
371.778	331.111
381.111	328.889
394.889	318.667
400.222	306.222

vaso
X (um)	Y (um)	
184.667	378.667
182	389.333
190.889	392.889
193.556	386.222
192.222	377.778

vaso
X (um)	Y (um)	
71.333	534
58.444	534
46.444	538.444
43.778	553.111
58.889	556.667
68.222	552.222
71.778	546.444

vaso
X (um)	Y (um)	
80.667	588.222
66	599.333
70	611.333
83.333	617.111
95.778	609.556
98	598
94	591.333

vaso
X (um)	Y (um)	
312.667	603.778
308.222	610
306	620.667
318	621.111
319.778	612.222
324.667	602

vaso
X (um)	Y (um)	
176.667	523.778
168.667	522.889
165.111	531.333
173.111	530
178	528.667

vaso
X (um)	Y (um)	
46.444	516.222
31.778	526
40.222	532.222
46.444	528.222
55.778	525.556
54.444	517.556

vaso
X (um)	Y (um)	
64.667	465.222
82	463.444
91.778	456.778
90.444	442.556
78.889	445.667
65.556	447.444
58	458.111

vaso
X (um)	Y (um)	
81.111	363.444
71.333	366.556
71.333	375.444
81.111	379
84.222	374.111

vaso
X (um)	Y (um)	
54.889	373.222
46.444	370.111
38.444	373.222
40.222	390.111
49.111	390.111
54.889	384.778

vaso
X (um)	Y (um)	
350	200.111
340.667	197.889
339.778	210.778
345.111	212.111
349.556	207.222

vaso
X (um)	Y (um)	
415.778	311.222
407.333	320.111
394.889	333.444
396.222	354.778
402	381.444
407.778	386.778
417.111	396.111
418	317

vaso
X (um)	Y (um)	
255.778	269.889
243.333	269
236.667	275.222
236.667	288.111
248.222	287.667
254.889	280.111

vaso
X (um)	Y (um)	
109.111	596.222
116.667	592.667
126	601.111
121.111	610
110.889	610

vaso
X (um)	Y (um)	
82.889	574.889
66.889	571.333
49.556	580.222
48.667	592.667
64.667	594.889
74.889	587.778

vaso
X (um)	Y (um)	
123.778	616.222
115.333	613.556
106.889	616.667
100.222	625.111
108.222	625.556
117.556	625.556

foto 10
pin 13
X (um)	Y (um)
131.556	20.889

pin 14
X (um)	Y (um)
600.333	60

pin 15
X (um)	Y (um)
338.667	479.333

celulas
X (um)	Y (um)	TIPO	PB
277.333	551.778	3	1
317.778	531.778	3	1
312	502	3	1
356.444	445.556	3	1
397.778	419.333	3	1
254.667	475.333	3	1
272.889	354.333	3	1
219.111	338.778	3	1
308	261	3	1
267.556	231.333	3	1
199.556	104	3	1
219.556	80.889	3	1
61.333	139.556	3	1
349.778	36.889	3	1
11.556	47.111	3	1
479.111	480.778	3	1
247.556	628.222	3	1
484	530	3	0.5
457.778	434.222	3	0.5
107.111	433.333	3	0.5
154.222	586	3	0.7
337.333	552.222	3	0.5
477.778	552.222	3	0.5
247.556	379	3	0.5
269.333	326.556	3	0.3
359.556	101.556	3	0.7
387.111	25.333	3	0.3
455.556	504.333	3	0.5
455.111	627.333	3	0.3
33.778	362.444	3	0.7
82.222	21.333	3	0.7
442.222	16.444	3	0.5
487.556	12.889	3	0.7
198.667	16.444	3	0.3
9.778	84	3	0.3
289.778	88.889	1	1
316.889	119.556	1	1
363.556	68.444	1	1
285.333	21.333	1	1
266.222	10.222	1	1
50.667	159.111	1	1
36.444	180	1	1
107.111	36.889	1	1
110.667	95.556	1	1
90.222	81.778	1	1
435.111	151.222	1	1
206.222	272.333	1	1
222.222	263.444	1	1
247.111	279	1	1
127.556	272.333	1	1
128	236.778	1	1
52	198.556	1	1
330.222	282.556	1	1
343.556	239.444	1	1
413.333	199	1	1
420	473.889	1	1
398.667	481.444	1	1
179.556	445.444	1	1
125.333	446.333	1	1
91.556	453	1	1
74.222	377	1	1
49.778	403.222	1	1
414.222	443.667	1	1
453.778	413	1	1
457.778	378.778	1	1
125.333	334.778	1	1
108.444	253.889	1	1
50.667	277.889	1	1
327.111	345	1	1
185.333	479.667	1	1
219.111	453.444	1	1
199.556	461.889	1	1
189.778	212.444	1	1
220	234.667	1	1
253.333	249.333	1	1
300.444	235.556	1	1
367.111	218.222	1	1
433.778	195.111	1	1
439.111	224	1	1
16.889	347.667	1	1
40.889	342.333	1	1
368.444	622.444	1	1
355.556	615.333	1	1
425.778	599.778	1	1
462.222	582.889	1	1
474.222	610.889	1	1
384.889	507.778	1	1
427.111	539.333	1	1
410.222	552.667	1	1
283.556	434.444	1	1
247.556	264.556	1	1
166.222	376.556	1	1
409.333	334.778	1	1
130.222	60	1	1
217.333	203.556	1	1
461.333	252	1	1
433.333	309.778	1	1
356	302.222	1	1
391.556	366.222	1	1
374.667	312.444	1	1
388.444	568.222	1	1
145.333	509.111	1	1
112.444	402.667	1	1
90.222	333.111	1	1
124.889	366.444	1	1
311.111	328.222	1	1
332.889	321.556	1	1
14.667	217.222	1	1
31.556	45.333	1	1
338.667	272.889	1	1
377.778	191.111	1	1
283.111	188.444	1	1
210.222	103.556	1	1
59.111	538	1	1
86.667	504.222	1	1
120	466.444	1	1
155.556	452.667	1	1
72.444	432.667	1	1
108.444	599.778	1	1
40	461.111	1	1
28.444	412.667	1	1
17.778	521.111	1	1
60	493.111	1	1
16.889	485.556	1	1
14.222	633.111	1	1
91.111	574.889	1	1
125.333	546.889	1	1
127.556	525.556	1	1
126.667	498.889	1	1
213.333	605.556	1	1
128.444	575.333	1	1
112	557.111	1	1
13.778	369.556	1	1
26.222	292.444	1	1

limite tejido
X (um)	Y (um)

limite lesion
X (um)	Y (um)

limite foto
X (um)	Y (um)
4.709	9.419
4.709	251.479
6.593	404.062
36.733	481.295
10.361	569.831
51.803	620.692
162.943	631.052
311.759	634.82
470.935	636.703
485.063	591.494
498.249	501.074
479.411	400.294
480.353	331.538
472.818	230.758
499.191	167.653
486.004	118.675
502.016	9.419
465.283	0
324.003	6.593
196.851	1.884

vaso
X (um)	Y (um)
178.667	23.556
166.222	26.222
161.778	46.667
182.667	58.222
192	51.556
196.444	42.222

vaso
X (um)	Y (um)	
193.778	26.667
224.444	28.444
220	40.444
229.333	41.333
235.556	32.889
229.778	28.889

vaso
X (um)	Y (um)	
246.222	61.778
236.889	64
234.667	75.556
240.889	76.444
249.778	73.778

vaso
X (um)	Y (um)	
274.667	51.111
264.889	48.444
261.333	58.222
268	60.444
273.333	57.333

vaso
X (um)	Y (um)	
59.111	90.222
50.222	88.444
44	91.111
44.444	100.889
52.889	102.667
61.333	99.556
64.889	92.444

vaso
X (um)	Y (um)	
79.111	94.222
71.556	96.444
68.889	108.889
75.111	121.778
85.778	120.889
96	110.667
90.222	98.667

vaso
X (um)	Y (um)	
48.444	115.111
35.556	113.333
28.889	116.889
31.556	127.556
37.778	127.556
44.444	126.222

vaso
X (um)	Y (um)	
212.889	161.333
205.778	152.444
194.222	153.333
184.444	162.222
188.444	178.222
196.444	182.667
207.111	179.556
213.333	172.444

vaso
X (um)	Y (um)	
172.444	237.333
166.222	231.556
152.444	227.111
144.444	228.889
139.556	241.778
141.333	252
150.222	256.889
160	256.444
166.667	251.111
172	246.667

vaso
X (um)	Y (um)	
73.778	208
80	214.222
90.667	209.778
97.778	206.667
97.778	196.889
90.222	186.222
84.444	177.778
77.778	182.222
73.778	194.667
72	199.556

vaso
X (um)	Y (um)	
173.778	103.556
161.778	101.778
151.111	103.111
151.111	119.111
156	120.444
169.778	119.111
180.444	118.667
180.889	112

vaso
X (um)	Y (um)	
188.889	84
178.222	82.222
171.111	88
175.556	95.111
185.778	95.556
191.111	88.889

vaso
X (um)	Y (um)	
51.556	230.667
45.333	231.111
47.111	240
53.333	238.222

vaso
X (um)	Y (um)	
24.444	259.333
29.333	263.333
37.778	268.222
50.222	267.333
52.889	250
46.222	249.111

vaso
X (um)	Y (um)	
32.444	254.444
178.222	317.556
171.556	311.778
162.667	315.778
157.778	326
159.111	336.667
169.333	336.667
176.889	335.333
179.111	329.556

vaso
X (um)	Y (um)	
186.222	324.667
184.444	313.556
188	300.667
193.778	295.333
209.778	293.111
218.222	298.889
226.222	306
227.556	318.444
227.111	328.222
217.778	330.889
207.556	332.667
195.111	332.667

vaso
X (um)	Y (um)	
291.111	296.222
283.111	294.444
280.889	298.444
280	305.556
288	311.778
294.667	310.444
295.111	304.667

vaso
X (um)	Y (um)	
253.333	195.778
249.778	188.222
242.222	186.444
239.556	193.111
245.778	199.333

vaso
X (um)	Y (um)	
276.889	366
283.556	373.556
294.667	370.889
294.667	359.333
291.111	352.222
279.556	356.222

vaso
X (um)	Y (um)	
467.111	355.778
460	354.444
452.889	362.889
455.556	369.556
464.889	373.556
474.222	375.778
474.667	366

vaso
X (um)	Y (um)	
270.222	458.889
268	445.556
254.222	440.222
246.667	450
244	456.667
252.889	461.556
261.778	461.556

vaso
X (um)	Y (um)	
178.667	395.333
170.667	398
165.778	404.222
168	413.556
178.222	412.222
183.111	406

vaso
X (um)	Y (um)	
229.333	422
226.222	414.444
216	417.111
219.111	424.667
225.333	428.222

vaso
X (um)	Y (um)	
283.111	511.556
273.333	510.222
268.889	516
262.222	518.667
260.444	529.778
271.111	535.111
280.444	528.889
284.444	524

vaso
X (um)	Y (um)	
207.111	562.667
199.556	556.889
193.333	557.778
185.778	564.889
193.778	570.222
199.556	570.222

vaso
X (um)	Y (um)	
299.556	555.556
306.667	563.111
313.333	560.444
315.111	552.444
307.111	548.444

vaso
X (um)	Y (um)	
322.667	572.889
328.444	578.222
337.333	580
340.444	571.556
332	564.889
324	565.333

vaso
X (um)	Y (um)	
267.111	584
260	586.667
265.333	595.556
275.556	597.778
276.444	588.889

vaso
X (um)	Y (um)	
327.556	507.111
323.556	515.111
329.333	517.778
336.889	517.333
336.444	504.889

vaso
X (um)	Y (um)	
55.556	563.111
48.444	568.444
47.111	576.889
50.667	587.556
60.444	580.889
62.667	572.444

vaso
X (um)	Y (um)	
100.444	519.556
91.111	520.889
91.111	529.778
97.778	531.111
101.333	525.333

vaso
X (um)	Y (um)	
237.333	553.778
228	553.333
229.778	564.444
235.111	564.444
240.444	560.889

vaso
X (um)	Y (um)	
453.333	458.667
457.333	453.333
456.444	446.667
450.222	447.556
446.667	455.556

vaso
X (um)	Y (um)	
441.333	492.444
431.556	490.222
427.556	496.889
435.556	500

vaso
X (um)	Y (um)	
448.889	520
444.444	531.111
440.889	537.778
443.556	545.333
451.556	538.667
454.667	525.778

vaso
X (um)	Y (um)	
299.111	120.222
298.222	113.556
289.778	114
280.444	118.444
284.889	129.556
295.556	131.333

vaso
X (um)	Y (um)	
302.667	147.778
295.111	141.556
287.111	146
281.333	154
290.222	158.889
298.222	156.222

vaso
X (um)	Y (um)	
489.778	149.556
479.111	150.889
476.889	159.778
483.111	163.778
488.444	161.111
488	155.778

vaso
X (um)	Y (um)	
318.667	58.667
314.667	52.889
304.889	57.778
303.556	70.667
312.889	75.111
318.222	70.667

vaso
X (um)	Y (um)	
405.778	43.111
396.889	46.667
402.667	51.111
408.889	49.333

vaso
X (um)	Y (um)	
465.333	125.778
458.667	124
457.333	138.222
464	135.111
469.333	129.778

vaso
X (um)	Y (um)		
382.667	148
376	153.778
376.444	162.667
383.111	162.222
385.778	154.222

vaso
X (um)	Y (um)	
355.556	79.556
345.778	75.556
341.333	80.889
342.222	88
349.778	88
357.333	87.556

vaso
X (um)	Y (um)	
370.667	404.889
373.333	397.333
363.556	392.889
357.778	393.333
355.111	401.778
361.333	411.556

vaso
X (um)	Y (um)	
247.111	493.778
247.111	488
238.667	484.889
232	486.222
221.778	490.222
227.111	496.444
235.111	495.556

vaso
X (um)	Y (um)	
396.889	629.111
402.667	623.333
398.222	618.444
396.444	623.778

foto 11
pin 15
X (um)	Y (um)
346.667	108.667

pin 16
X (um)	Y (um)
59.333	457.333

celulas
X (um)	Y (um)	TIPO	PB
516	578.111	3	1
532	566.111	3	1
469.333	547.889	3	1
416	566.556	3	1
330.222	577.222	3	1
315.111	571.444	3	1
198.222	537.667	3	1
90.667	571	3	1
27.111	595.444	3	1
36.889	473.667	3	1
91.111	415.889	3	1
115.111	389.222	3	1
268	437.222	3	1
223.556	383.889	3	1
282.667	279.333	3	1
549.333	400.222	3	1
432.444	326.111	3	1
304.889	520.667	3	1
12	423	3	1
542.667	522.889	3	1
222.222	433.667	3	1
345.333	402.111	3	1
267.556	336.556	3	1
68.889	280.556	3	1
397.778	387.667	3	0.3
432	389.889	3	0.5
254.222	353.444	3	0.5
100.444	376.111	3	0.5
67.556	321	3	0.3
10.222	545.444	3	0.5
6.222	512.556	3	0.5
165.778	574.333	3	0.3
444.889	591.667	3	0.5
403.111	481.889	3	0.3
397.778	439.222	3	0.5
456.444	431.222	3	0.3
576.889	392.556	3	0.7
341.333	301.444	3	0.7
484.889	274.778	3	0.7
212	270.333	3	0.5
2.222	334.778	3	0.5
120	454.333	3	0.3
206.222	550.444	3	0.3
388.444	531.333	3	0.3
429.778	459.778	3	0.7
245.778	527.333	3	0.7
192.889	584.222	3	0.5
247.111	573.111	3	0.5
52.889	391.778	1	1
52.444	415.333	1	1
133.333	412.222	1	1
165.333	446	1	1
149.333	418	1	1
409.333	465.556	1	1
491.556	442.889	1	1
518.222	412.667	1	1
496.889	414.444	1	1
531.556	372.222	1	1
391.111	342.444	1	1
385.333	324.667	1	1
448.889	328.222	1	1
493.333	301.778	1	1
153.778	314.778	1	1
280.889	397.889	1	1
481.778	465	1	1
503.556	504	1	1
454.667	494.222	1	1
150.222	556.444	1	1
120	535.556	1	1
71.111	542.889	1	1
102.222	527.333	1	1
238.667	494.444	1	1
210.667	496.222	1	1
244	455.333	1	1
226.667	458.889	1	1
363.111	483.333	1	1
390.222	420.222	1	1
385.778	448.222	1	1
431.111	406	1	1
453.333	394.889	1	1
438.222	341.444	1	1
440	361	1	1
517.778	364.556	1	1
442.667	373	1	1
112.889	448.111	1	1
23.111	505.889	1	1
52.444	497	1	1
4.889	474.333	1	1
10.222	397.889	1	1
19.111	361.444	1	1
91.556	354.778	1	1
97.333	313.444	1	1
79.556	334.333	1	1
122.222	330.778	1	1
116.444	351.222	1	1
162.667	461.444	1	1
183.111	448.556	1	1
148.889	471.222	1	1
242.222	469.444	1	1
551.111	439.778	1	1
574.667	419.333	1	1
532.889	447.778	1	1
558.667	373.667	1	1
543.111	348.333	1	1
528.444	337.222	1	1
511.111	303	1	1
555.111	319.444	1	1
596	433.111	1	1

limite tejido
X (um)	Y (um)

limite lesion
X (um)	Y (um)

limite foto
X (um)	Y (um)
10.667	306.667
60	257.333
196	252
285.333	253.333
389.333	290.667
452	289.333
576	290.667
586.667	337.333
601.333	448
574.667	557.333
490.667	581.333
436	613.333
389.333	602.667
270.667	581.333
180	601.333
2.667	600
6.667	446.667

vaso
X (um)	Y (um)
239.556	310.778
228.889	308.556
220.889	317.444
222.222	325.444
229.778	331.222
236	324.111
242.222	319.667

vaso
X (um)	Y (um)	
156.889	385.444
164.444	391.222
180	387.222
186.222	378.333
184	372.556
168.444	367.222
163.556	373.889

vaso
X (um)	Y (um)	
318.222	422.778
329.333	428.111
338.222	421
333.333	412.556
324.444	413.444

vaso
X (um)	Y (um)	
357.333	360.111
352.444	354.778
345.333	355.222
341.778	362.333
345.778	369
351.556	365.889

vaso
X (um)	Y (um)	
476.889	370.778
479.556	364.556
467.556	361.444
467.556	367.667
469.333	373.444

vaso
X (um)	Y (um)	
474.667	335.667
484.889	335.667
486.222	342.778
491.111	338.778

vaso
X (um)	Y (um)	
319.111	451.222
318.667	458.333
321.333	469
335.111	466.333
338.222	459.667
336	451.667
326.222	449.444

vaso
X (um)	Y (um)	
525.778	297.444
527.556	304.111
542.222	304.111
541.778	297.889
534.222	293
486.222	393
492	393.889
496.889	389.444
492.444	384.111

vaso
X (um)	Y (um)	
487.111	386.778
506.222	469.444
510.667	474.778
520	470.333
516.444	465.444
508.444	464.556

vaso
X (um)	Y (um)	
299.111	482.333
286.667	478.333
281.333	487.222
278.667	496.556
285.333	500.556
301.333	501.889

vaso
X (um)	Y (um)	
300	495.222
437.333	531.778
426.222	529.111
415.111	528.667
411.556	537.111
414.222	548.667
435.111	552.222
442.667	545.111

vaso
X (um)	Y (um)	
475.556	504.222
466.667	502.444
462.222	517.111
473.778	518.444
480.889	514

vaso
X (um)	Y (um)	
559.111	457.111
555.111	462.889
562.667	464.222
568.444	462
576	457.556
571.556	449.556
560.889	450

vaso
X (um)	Y (um)	
353.333	512.222
362.222	520.222
373.778	514.444
386.222	505.111
375.556	498
364	500.667
357.333	505.111

vaso
X (um)	Y (um)	
137.333	506
144	509.111
152.444	507.333
162.667	500.222
163.556	494.889
152.444	494
144	495.333
137.778	496.667

vaso
X (um)	Y (um)	
34.667	564.667
31.556	559.333
17.778	559.333
6.667	564.667
12.889	574.444
22.667	573.111
27.556	569.556

vaso
X (um)	Y (um)	
68	495.667
74.222	503.222
85.778	498.778
93.333	494.778
88.444	486.333
76	487.222

vaso
X (um)	Y (um)	
262.222	370
256.444	369.111
248.444	368.667
242.222	374
239.556	379.778
236.889	385.556
237.333	395.778
242.222	392.667
249.778	385.556
256.444	386.889
265.778	386.889
268.889	377.556

foto 12
pin 16
X (um)	Y (um)
738	352

pin 17
X (um)	Y (um)
244	58.667

celulas
X (um)	Y (um)	TIPO	PB
459.111	471.667	3	1
149.778	421.111	3	1
603.556	380	3	1
463.556	434.333	3	1
388.889	286	3	1
308	31.556	3	1
481.333	40.444	3	1
468	110.667	3	1
498.667	248.889	3	1
618.222	498.556	3	1
657.667	414.222	3	1
487.444	429	3	1
512.333	421.889	3	1
664.778	277.889	3	0.5
658.111	117.222	3	0.5
523	131	3	0.5
513.222	144.778	3	0.5
475	404.444	3	0.5
629.667	405.778	3	0.5
694.556	454.222	3	0.7
524.333	390.333	3	0.5
440.333	361	3	0.7
428.778	405.444	3	0.3
673.333	363	3	0.5
695.111	319.444	3	0.3
456.889	128.667	3	0.5
366.444	37.333	3	0.7
515.778	27.556	3	0.3
359.333	102.667	3	0.3
335.333	104	3	0.3
190.889	39.556	3	0.7
160.222	41.333	3	0.7
372.667	211.778	3	0.5
143.333	342.889	3	0.5
202.444	343.333	3	0.5
165.111	530.222	3	0.3
199.333	571.556	3	0.5
348.667	613.111	3	0.7
460.222	597.556	3	0.5
520.222	517.111	3	0.5
158.889	625.111	3	0.5
32	629.111	3	0.5
56.889	609.111	3	0.5
8.444	633.556	3	0.3
341.333	438.333	3	0.3
383.556	512.111	3	0.7
116.889	221.778	3	0.5
175.111	7.556	3	0.3
263.556	224.889	3	0.5
348.889	164.444	3	0.7
336	280.778	3	0.5
317.333	609.556	3	0.5
223.111	550	3	0.5
323.111	498	3	0.3
345.333	488.222	3	0.3
143.556	494.889	1	1
126.222	491.778	1	1
132.444	474.889	1	1
88.444	467.778	1	1
50.222	478.889	1	1
172	606.444	1	1
275.556	605.556	1	1
213.778	614	1	1
303.111	462.444	1	1
373.333	452.667	1	1
344.444	467.333	1	1
328	483.778	1	1
366.667	494.889	1	1
332.444	561.556	1	1
218.667	512.222	1	1
251.556	491.333	1	1
280.889	440.222	1	1
145.333	398.444	1	1
128.889	410	1	1
298.667	285	1	1
352.889	321.778	1	1
212	264.444	1	1
194.667	208	1	1
210.667	184.889	1	1
224.444	159.556	1	1
241.333	154.222	1	1
259.556	163.556	1	1
278.222	189.333	1	1
361.778	181.333	1	1
338.667	215.556	1	1
369.778	266.667	1	1
296.444	97.333	1	1
334.222	14.222	1	1
304.444	310.111	1	1
323.111	328.333	1	1
334.667	294.111	1	1
250.667	381.667	1	1
208	388.778	1	1
208.889	371	1	1
183.556	395.889	1	1
360.444	417.778	1	1
199.556	420.444	1	1
192	448.444	1	1
27.111	564.222	1	1
39.556	543.778	1	1
84.444	539.778	1	1
142.667	627.778	1	1
304.444	627.333	1	1
341.333	386.889	1	1
376.444	387.778	1	1
433	532.111	1	1
419.222	622.333	1	1
316.111	590.778	1	1
423.667	477	1	1
253	366.556	1	1
274.333	330.111	1	1
299.667	339	1	1
265.444	309.222	1	1
237	305.667	1	1
182.333	293.222	1	1
167.667	321.667	1	1
412.111	274.556	1	1
489.889	252.778	1	1
505.444	295.889	1	1
515.667	270.111	1	1
507.667	264.333	1	1
471.667	334.556	1	1
402.333	361.222	1	1
424.556	240.444	1	1
429.889	124	1	1
409	124	1	1
408.556	87.556	1	1
520.111	193.333	1	1
221	212.444	1	1
307.667	252	1	1
397.778	254.444	1	1
576	368.222	1	1
635.111	476.889	1	1
685.778	514	1	1
641.778	513.556	1	1
632.444	535.778	1	1
646.667	538.889	1	1
412	586.889	1	1
404	537	1	1
654.222	434.556	1	1
686.222	400	1	1
704	404.889	1	1
714.222	369.889	1	1
610.667	306.222	1	1
584	290.222	1	1
628.889	268.889	1	1
686.222	170.222	1	1
697.778	165.778	1	1
499.111	227.556	1	1
480.889	244	1	1
582.222	22.667	1	1
596	13.333	1	1
667.556	85.333	1	1
412.556	429	1	1
397.444	434.778	1	1
418.333	510	1	1
593.889	562.444	1	1
631.222	559.778	1	1
505.889	581.111	1	1
651.667	468.222	1	1
365.778	530	1	1
424	574	1	1
269.333	396.111	1	1
424.889	390.778	1	1
169.333	362.333	1	1
284.889	292.556	1	1
303.111	234.889	1	1
335.111	630.889	1	1

limite tejido
X (um)	Y (um)

limite lesion
X (um)	Y (um)

limite foto
X (um)	Y (um)
733.333	405.333
726.667	454.667
720	518.667
664	561.333
600	617.333
520	626.667
76	632
-1.333	636
8	577.333
32	404
86.667	272
125.333	117.333
138.667	18.667
224	6.667
357.333	6.667
664	6.667
666.667	64
694.667	97.333
714.667	160
721.333	254.667
728	332
737.333	364

vaso
X (um)	Y (um)
581.333	512.222
567.111	518.889
567.111	531.778
576.444	534
591.111	532.222
597.778	523.778
591.556	514.889

vaso
X (um)	Y (um)	
617.778	454
609.778	454
607.111	462
616.444	464.222

vaso
X (um)	Y (um)	
460	511.778
468.444	515.333
490.667	527.333
501.333	513.556
507.111	499.778
501.333	486.444
489.333	474.444
476.889	470.444
466.667	481.111
459.556	489.556
459.111	503.778

vaso
X (um)	Y (um)	
548.889	416.222
538.222	415.778
538.667	424.667
550.222	427.333

vaso
X (um)	Y (um)	
538.667	587.778
532.444	589.111
528	602.444
535.111	599.333
542.667	594.889

vaso
X (um)	Y (um)	
481.778	587.333
478.222	598.889
484.889	601.111
492.889	598.889
493.333	590

vaso
X (um)	Y (um)	
352.444	542.444
348.889	546.889
344.889	555.778
356	560.222
361.333	552.667
358.667	547.778

vaso
X (um)	Y (um)	
371.556	590.444
359.556	592.222
353.778	601.111
362.222	610
367.556	613.556
374.222	611.333
375.556	599.778

vaso
X (um)	Y (um)	
224.889	444.778
210.667	448.333
204	453.667
216.889	456.778
224.889	453.222
232	450.111

vaso
X (um)	Y (um)	
515.111	311.889
502.222	323.889
506.667	337.222
517.333	333.667
523.111	329.222
519.111	317.667

vaso
X (um)	Y (um)	
404.889	320.333
418.222	327.444
435.556	323.889
444.889	314.556
446.222	305.222
436	296.333
421.333	296.778
411.556	303.889
404.889	310.556

vaso
X (um)	Y (um)	
553.778	259.444
544	255
536.444	260.333
541.778	269.667
548	266.111

vaso
X (um)	Y (um)	
572	304.778
564.889	303.889
560.444	312.778
564.889	314.556
572	314.556

vaso
X (um)	Y (um)	
240.444	563.556
229.333	572.889
233.333	579.111
243.556	582.222
250.667	574.667
250.667	567.556
260.889	572.444
268.889	570.667
265.778	560
256.889	559.111
244.889	560.889

vaso
X (um)	Y (um)	
277.333	484
268.889	486.667
258.667	487.556
260.889	495.556
268.889	498.222
280.444	497.333
283.111	489.333
287.111	481.778

vaso
X (um)	Y (um)	
478.222	179.333
468	176.667
461.778	189.111
467.111	204.222
477.333	214
488.444	210
489.333	197.556
488.444	184.222

vaso
X (um)	Y (um)	
594.667	220.667
586.222	227.333
578.667	233.556
579.556	238.444
587.111	237.111
595.556	235.333
599.111	230.444

vaso
X (um)	Y (um)	
683.556	202.444
676.444	204.222
667.556	212.667
668	219.333
675.556	223.778
682.222	219.778
684.444	213.111

vaso
X (um)	Y (um)	
679.556	286
666.667	287.333
660.889	297.111
664.889	302.444
673.778	302.889
681.778	294.444

vaso
X (um)	Y (um)	
319.556	160.444
309.778	159.111
304	168.889
304.444	176
316.889	178.667
322.667	170.222

vaso
X (um)	Y (um)	
473.333	122.222
487.556	126.667
491.556	116
485.333	110.667
477.778	109.778
474.667	114.667

vaso
X (um)	Y (um)	
595.556	178.222
586.667	180
582.222	192
592.444	191.111
599.111	191.111
600.889	198.667
614.667	192.889
616.889	183.111
607.111	173.778

vaso
X (um)	Y (um)	
511.111	86.667
501.333	81.333
498.222	95.111
507.556	104.889
513.778	98.667
518.222	93.333

vaso
X (um)	Y (um)	
507.556	58.222
506.667	46.667
496	40
490.222	43.111
482.667	49.778
482.667	58.222
491.111	60.444
496.889	63.556

vaso
X (um)	Y (um)	
568.444	81.333
555.111	80.444
551.556	92
556	105.778
565.333	114.667
574.667	109.778
572.444	97.778

vaso
X (um)	Y (um)	
320.444	112.889
324.444	130.667
337.333	130.222
341.333	120
339.556	112.444
328.889	110.667

vaso
X (um)	Y (um)	
532.889	103.556
524	105.333
524.889	116.444
533.333	113.333
538.222	108

vaso
X (um)	Y (um)	
532.889	62.222
540.444	69.333
548	64.889	
547.556	56
539.111	55.556

vaso
X (um)	Y (um)	
307.556	55.556
306.667	64.444
320	72
331.111	66.667
341.778	58.222
341.778	50.222
335.556	45.778
328	41.333

vaso
X (um)	Y (um)	
318.667	40
311.111	40.889
307.111	46.667

vaso
X (um)	Y (um)	
203.111	44.889
192.444	48.444
189.333	58.667
195.111	66.222

vaso
X (um)	Y (um)	
204	69.333
208.889	67.556
213.333	59.556
210.667	49.778

vaso
X (um)	Y (um)	
219.111	51.556
226.222	57.778
232.444	51.111
236.444	43.111

vaso
X (um)	Y (um)	
236	31.111
232.444	25.333
220.444	24.889
217.778	29.778
214.667	41.333

vaso
X (um)	Y (um)	
290.222	126.667	
283.111	129.778
281.333	137.778
286.222	141.333
293.333	145.333
298.667	142.667
297.778	132.444

vaso
X (um)	Y (um)		
426.222	30.222
417.333	28.889
410.222	30.222
412.444	40.444
421.778	44.444
426.222	42.667
428	36

vaso
X (um)	Y (um)	
450.222	194.667
440.444	196.889
443.111	203.556
443.111	211.556
435.111	221.778
440	225.333
447.111	230.667
455.556	226.222
454.667	215.111
454.222	204

vaso
X (um)	Y (um)	
260	76
251.556	78.667
248.889	89.333
258.222	92.889
264	88

vaso
X (um)	Y (um)	
222.667	76.444
215.556	78.667
210.667	84.889
215.111	89.778
223.111	92.889
228	84.889

vaso
X (um)	Y (um)	
197.778	92.444
194.222	82.667
183.111	90.667
186.667	96.444
192.889	99.111

vaso
X (um)	Y (um)	
424	197.778
431.111	192.444
423.111	185.333
414.222	184.444
411.556	191.111
415.556	190.222

vaso
X (um)	Y (um)	
618.667	23.556
615.111	29.333
612.444	36.444
620	36.444
626.667	34.667
626.667	23.556

vaso
X (um)	Y (um)	
236.444	131.667
229.333	134.333
233.778	140.556
240.889	138.333

vaso
X (um)	Y (um)	
452.889	267.667
448.444	268.556
444.889	276.111
452	278.333
456.444	273.889

vaso
X (um)	Y (um)	
628	233.667
623.111	237.222
613.778	244.778
609.778	251.444
614.222	257.222
620.444	253.667
627.111	248.778
636.889	245.667
642.667	240.333
640.444	231
634.222	231.444

vaso
X (um)	Y (um)	
131.111	365.222
121.333	365.667
123.556	375.444
129.778	376.333
137.778	373.222

vaso
X (um)	Y (um)	
583.556	466.556
583.111	472.778
596	470.556
592	464.778

vaso
X (um)	Y (um)	
499.556	547.333
490.667	544.667
488.889	556.222
496.444	556.667

vaso
X (um)	Y (um)	
69.778	495.444
61.778	500.778
52.889	504.333
46.667	510.556
54.222	516.778
63.111	521.222
72.444	514.556
88.889	517.222
96.444	507.889
92.889	499.444
101.333	497.222
107.111	486.556
109.333	476.778
97.333	477.222
92	483.889
80	490.111

vaso
X (um)	Y (um)	
96	377.222
88.444	374.111
80.444	378.111
81.778	386.556
86.667	389.222
94.222	387.889

vaso
X (um)	Y (um)	
39.556	446.556
40	431
32.889	430.111
20.889	436.778
22.222	448.778
29.778	451.889

vaso
X (um)	Y (um)	
336.889	250.556
344.889	254.556
349.333	245.667
346.222	237.222
335.111	244.333

vaso
X (um)	Y (um)	
367.111	369
372.889	375.222
381.333	369.889
378.667	361.889
372.889	365.444

vaso
X (um)	Y (um)	
123.556	187.222
121.778	181
115.111	179.222
112	185.444
114.667	189.889
120.444	193

vaso
X (um)	Y (um)	
180.444	138.222
180	130.667
172	124
163.556	128.889
168.889	133.778

foto 13
pin 17
X (um)	Y (um)
421.333	492.667

pin 18
X (um)	Y (um)
572	7.333

celulas
X (um)	Y (um)	TIPO	PB
626.889	71.111	3	0.5
457.556	107.556	3	0.5
665.111	7.111	3	0.5
687.333	17.778	3	0.3
742.889	84	3	0.3
421.556	343.222	3	0.7
730.444	438.444	3	0.5
790.889	392.222	3	0.5
778.444	369.556	3	0.7
505.111	319.667	3	0.3
530.444	331.222	3	0.3
538	177.556	3	0.3
600.222	68.889	3	0.7
622	45.333	3	0.5
754.889	24.444	3	0.5
428.222	99.556	3	0.3
437.556	54.667	3	0.7
487.333	23.111	3	0.3
476.667	7.111	3	0.5
670.889	125.778	3	0.5
662.444	81.778	3	0.7
520.222	63.111	3	0.3
627.778	9.333	3	0.7
794.444	8	3	0.5
558.889	180.444	1	1
642.444	167.556	1	1
620.222	216.444	1	1
510.889	258.222	1	1
489.556	249.778	1	1
462.889	243.556	1	1
407.778	202.222	1	1
442.444	168.889	1	1
470.444	162.667	1	1
698	179.111	1	1
729.111	241.333	1	1
710.889	232.444	1	1
807.333	178.222	1	1
850	269.556	1	1
837.111	321.444	1	1
687.778	454.889	1	1
774	443.333	1	1
805.556	360.222	1	1
829.556	342.889	1	1
839.333	358.889	1	1
757.111	359.778	1	1
639.778	349.111	1	1
786.889	303.556	1	1
801.556	281.778	1	1
841.111	276.889	1	1
538	257.556	1	1
542.889	239.556	1	1
580.667	220.889	1	1
675.333	197.667	1	1
727.778	203	1	1
743.778	110.222	1	1
772.667	118.222	1	1
752.222	128	1	1
692.222	101.333	1	1
690.889	60.889	1	1
522.889	116	1	1
542.889	121.333	1	1
522.889	204	1	1
539.333	160.444	1	1
516.222	157.778	1	1
487.333	112	1	1
451.778	124	1	1
473.556	75.111	1	1
476.222	51.556	1	1
486.889	45.778	1	1
510	29.778	1	1
844.667	33.333	1	1
646.444	129.778	1	1
597.111	141.778	1	1
563.778	107.556	1	1
608.222	124.444	1	1
701.111	356.556	1	1
404.222	374.778	1	1
377.111	361.889	1	1
370	345.889	1	1
384.222	338.778	1	1
404.222	311.667	1	1
408.222	411.889	1	1
425.556	425.222	1	1
374.444	430.556	1	1
364.667	394.556	1	1
350.889	390.556	1	1
613.556	474.556	1	1
740.667	396.333	1	1
642.889	365.667	1	1
698.444	379.889	1	1
741.111	348.222	1	1
775.333	295.111	1	1
778.444	280	1	1
602	364	1	1
581.556	332.444	1	1
494.444	340.444	1	1
476.667	232.222	1	1
464.222	210.889	1	1
493.111	144.222	1	1
617.111	199.333	1	1
727.778	190	1	1
710.889	162.889	1	1
830	44.889	1	1
844.222	75.111	1	1
812.222	96.444	1	1
566.444	192.444	1	1
659.333	214.222	1	1
658.889	268.889	1	1
590.444	271.556	1	1
564.222	367.444	1	1
565.111	378.556	1	1
522	372.778	1	1
429.556	375.667	1	1
426.444	400.111	1	1
744.222	304.556	1	1
748.222	284.556	1	1
793.556	331.667	1	1
787.333	349	1	1
819.778	350.333	1	1
667.778	333.333	1	1
622.889	322.667	1	1
711.778	398.222	1	1
621.556	405.333	1	1
756.667	270.222	1	1
793.111	257.333	1	1
764.222	199.556	1	1
487.778	191.556	1	1
445.111	207.111	1	1
432.667	246.222	1	1
631.778	95.111	1	1
650.444	81.333	1	1
660.222	59.111	1	1
768.222	64.444	1	1

limite tejido
X (um)	Y (um)

limite lesion
X (um)	Y (um)

limite foto
X (um)	Y (um)
335.305	447.388
405.004	465.283
515.202	471.876
590.552	488.83
663.076	486.004
712.995	460.574
793.996	466.225
848.624	378.631
849.566	0
439.853	5.651
425.725	74.408
405.004	170.478
371.096	296.689
331.538	402.178
330.596	439.853

vaso
X (um)	Y (um)
476.667	411.222
464.667	398.778
450	398.778
446	417.889
450.889	425.444
461.111	430.333
470.889	429
475.333	421.889

vaso
X (um)	Y (um)	
463.333	391.222
477.111	393
483.333	391.222
492.222	386.333
485.556	374.778
476.667	369
468.667	367.667
464.667	373
460.222	381.889

vaso
X (um)	Y (um)	
454.889	347.667
445.111	348.556
441.111	357.889
446.889	362.333
458.444	363.222
457.111	356.111

vaso
X (um)	Y (um)	
510.889	405.444
502.444	409
504.222	416.556
511.333	421.444
517.556	417.889
518	409.889

vaso
X (um)	Y (um)	
649.111	374.333
658	375.222
663.333	370.333
658.889	361
649.111	363.222
648.667	369

vaso
X (um)	Y (um)	
654.444	285.889
657.111	297.889
666	299.667
675.333	298.333
678	290.778
673.111	281.889
666	277.889
659.778	282.333

vaso
X (um)	Y (um)	
692.222	272.111
686.889	270.778
681.556	275.222
685.556	277.889
692.667	280.556

vaso
X (um)	Y (um)	
628.667	253.889
637.111	255.222
637.556	244.556
630.444	243.222

vaso
X (um)	Y (um)	
576.222	283.222
567.778	285.444
568.667	296.556
575.778	299.667
592.222	300.556
592.222	292.111
585.556	287.222

vaso
X (um)	Y (um)	
716.667	257.889
710.444	261.889
711.333	272.556
722	280.111
731.333	275.222
734	264.556
726.444	262.333

vaso
X (um)	Y (um)	
379.778	282.333
394.889	281
407.333	273.444
414	262.333
404.222	250.333
395.778	246.333
379.778	261
383.333	276.556

vaso
X (um)	Y (um)	
418.889	226.778
427.333	229
432.222	222.778
427.333	217.889
419.778	221

vaso
X (um)	Y (um)	
538.889	288.111
546.889	289.444
551.333	282.333
548.222	277
538.444	276.556

vaso
X (um)	Y (um)	
807.778	256.111
806	265.889
813.556	269
822	265
826.889	257.444
821.111	254.333
811.778	248.111

vaso
X (um)	Y (um)	
580.222	158.667
593.111	163.556
598.889	159.111
591.778	151.556
578.889	149.778

vaso
X (um)	Y (um)	
723.778	149.333
723.333	154.667
730.444	160.889
739.333	158.667
740.222	150.222
732.222	145.333

vaso
X (um)	Y (um)	
794.444	129.778
802.444	134.222
807.333	129.778
808.222	124.889
800.222	121.333

vaso
X (um)	Y (um)	
700.667	42.667
706.444	47.556
714.444	50.222
719.333	47.556
718	40.444
711.333	36.444
704.222	34.222

vaso
X (um)	Y (um)	
799.778	67.111
804.667	80.889
814.444	83.556
829.111	83.111
831.778	71.111
823.778	65.778
807.333	64

vaso
X (um)	Y (um)	
554.889	58.667
561.111	63.556
569.556	64.444
570	56
560.667	55.111

foto 14
pin 18
X (um)	Y (um)
537.111	363

pin 19
X (um)	Y (um)
852.667	209

celulas
X (um)	Y (um)	TIPO	PB
696.444	100.889	3	1
672.889	121.333	3	1
673.333	104.444	3	1
653.778	112.444	3	1
624.889	101.333	3	1
481.333	192.444	3	1
521.333	188	3	1
459.111	153.333	3	1
518.222	110.667	3	1
624.444	49.111	3	1
595.556	66.889	3	1
805.778	48.222	3	1
816.889	135.778	3	1
692.444	55.333	3	1
744.889	81.111	3	1
835.111	15.333	3	1
809.778	61.111	3	1
496.444	178.889	3	1
638.222	173.556	3	1
666.667	74	3	1
695.111	35.778	3	1
683.111	49.556	3	1
712.444	75.333	3	1
692.889	70.444	3	1
541.333	119.778	3	1
564.889	109.111	3	1
845.778	71.333	3	0.5
831.111	45.556	3	0.5
823.111	27.778	3	0.5
756	141.556	3	0.3
804	268	3	0.5
833.333	235.111	3	0.5
741.778	191.556	3	0.5
770.222	188.889	3	0.5
801.333	172.889	3	0.7
721.778	243.556	3	0.5
720	223.111	3	0.3
607.556	191.556	3	0.7
618.222	173.778	3	0.3
576	213.778	3	0.7
540.889	226.667	3	0.7
509.333	223.111	3	0.3
617.778	307.333	3	0.5
751.556	295.333	3	0.5
832.444	313.111	3	0.5
803.556	316.667	3	0.3
850.222	145.556	3	0.3
420	321.111	3	0.3
746.222	119.667	3	0.7
832	96.556	3	0.7
849.333	95.667	3	0.7
791.556	73.778	3	0.7
572	135.333	3	0.3
549.333	162.889	3	0.7
539.556	183.333	3	0.5
756	221.667	3	0.5
656.444	286	3	0.5
450.667	222	3	0.5
520.444	276.222	3	0.3
503.556	282.889	3	0.3
461.333	243.778	3	0.3
478.667	216.222	3	0.7
724.889	148.778	3	0.5
784.889	97.222	3	0.7
799.556	126.111	3	0.5
786.667	149.667	3	0.5
762.222	165.667	3	0.5
775.111	107.889	3	0.3
667.111	139.444	3	0.3
481.333	281.556	3	0.3
439.556	257.556	3	0.7
533.333	313.111	3	0.7
441.778	353.556	3	0.5
680	349.778	3	0.5
718.667	286.667	3	0.3
745.333	279.556	3	0.3
564	278.222	1	1
591.556	309.778	1	1
606.222	276	1	1
761.333	233.778	1	1
824	185.556	1	1
719.111	112.222	1	1
728	89.111	1	1
831.556	61.111	1	1
492.889	249.556	1	1
504	307	1	1
472.444	323	1	1
473.333	337.222	1	1
639.111	285.667	1	1
608	287	1	1
772	257.667	1	1
782.667	254.556	1	1
788.889	266.111	1	1
795.111	259.889	1	1
816.889	236.333	1	1
821.333	223.444	1	1
741.778	330.556	1	1
776.889	312.778	1	1
714.667	298.556	1	1
517.333	338.111	1	1
528.444	338.111	1	1
554.222	273.222	1	1
534.667	249.667	1	1
582.667	256.333	1	1
580.444	235.444	1	1
679.111	230.556	1	1
676.889	176.444	1	1
694.667	163.111	1	1
732.889	124.889	1	1

limite tejido
X (um)	Y (um)
823.111	1.778
817.778	3.111
809.333	6.222
801.333	12.889
785.333	16.889
773.778	17.333
764	15.556
755.556	11.556
746.667	7.111
734.222	2.667
719.111	7.111
709.333	14.667
692	26.222
684	25.778
675.556	26.222
666.667	28.444
652	28.889
638.222	32.444
628.444	32.889
617.778	32.889
604	36
590.222	44
572	46.222
551.111	47.556
513.333	47.111
495.111	60
472.444	68.889
467.111	89.333
460.667	110.444
454.444	120.222

limite lesion
X (um)	Y (um)

limite foto 
X (um)	Y (um)
454	169
433	237
405	333
413	377
491	357
577	348
634	327
672	361
735	357
805	377
849	326
852	8
823.111	1.778
817.778	3.111
809.333	6.222
801.333	12.889
785.333	16.889
773.778	17.333
764	15.556
755.556	11.556
746.667	7.111
734.222	2.667
719.111	7.111
709.333	14.667
692	26.222
684	25.778
675.556	26.222
666.667	28.444
652	28.889
638.222	32.444
628.444	32.889
617.778	32.889
604	36
590.222	44
572	46.222
551.111	47.556
513.333	47.111
495.111	60
472.444	68.889
467.111	89.333
460.667	110.444
454.444	120.222

vaso
X (um)	Y (um)
660.889	237.111
648	237.111
642.222	246.889
641.333	258.444
648.444	268.222
663.111	273.556
675.111	274.889
679.556	269.111
678.222	259.333
673.778	252.222

vaso
X (um)	Y (um)	
668.444	242.444
777.333	240.222
786.222	238
804.444	234.444
806.222	226
808.444	214.889
804.444	199.778
797.333	194.889
787.556	196.222
778.667	202
774.222	206.889
771.556	217.556
776.444	228.222

vaso
X (um)	Y (um)	
852	255.778
845.778	250
833.778	249.556
826.667	259.778
827.556	267.333
832.889	269.111
840	275.778
845.778	273.556
851.556	268.222

vaso
X (um)	Y (um)	
842.222	217.556
844.889	212.667
846.222	206
841.333	201.556
836.889	206
837.333	213.556

vaso
X (um)	Y (um)	
642.667	204.222
648.444	208.667
654.667	209.556
668.889	210.444
678.222	211.778
682.222	207.778
669.778	205.111
659.556	202.889
650.222	201.556
644.444	198.444

vaso
X (um)	Y (um)	
661.333	304.444
672	304.444
679.111	295.556
672.444	291.111
666.222	292
663.111	296.889

vaso
X (um)	Y (um)	
780	344.889
780.444	352.889
784	358.667
790.222	358.222
793.333	352
791.556	346.667
787.111	341.333

vaso
X (um)	Y (um)	
710.222	335.111
718.222	332.444
720.889	327.111
717.778	321.333
710.222	322.667
710.667	329.333

vaso
X (um)	Y (um)	
566.222	314.222
566.667	304
560.444	302.667
553.778	305.778
555.556	311.556
559.556	314.667

vaso
X (um)	Y (um)	
572.444	335.556
579.556	335.556
579.111	328.889
570.222	325.333
568.444	330.222

vaso
X (um)	Y (um)	
559.556	166.778
572	169.889
579.556	171.667
585.333	164.111
581.333	154.333
572	154.333
563.111	153.889
562.222	159.667

vaso
X (um)	Y (um)	
586.667	151.667
599.556	155.667
614.222	160.111
628.889	157
639.111	154.333
647.556	142.333
647.111	130.778
632.444	129.444
617.333	138.333
616.889	145.889
607.111	146.333
603.111	136.556
589.333	136.556
588	147.222

