foto 3
pin 1
X (um)	Y (um)
619.33	613.33

pin 2
X (um)	Y (um)
759.33	110.67

celulas
X (um)	Y (um)	TIPO	PB
202.667	256.667	4	1
204.667	241.111	4	1
234.889	238.889	4	1
228.667	224.667	4	1
200.222	233.778	4	1
258.667	241.778	3	1
253.778	251.556	3	1
229.556	248.889	3	1
324	242.444	3	1
340.222	242.222	3	1
319.111	232	3	1
278.444	213.333	4	1
304.444	225.111	4	1
211.778	216.667	4	1
290.444	259.333	4	1
311.333	243.333	3	1
227.778	270.889	3	1
240.222	272.444	3	1
262.222	265.111	3	1
274.222	254	3	1
280.444	240.222	3	1
243.556	246.667	3	1
335.333	258.889	5	0.5
249.333	287.778	5	0.5
294.889	305.556	5	1
212.889	299.333	5	1
294.667	275.222	5	1
319.111	318.333	5	1
344.222	329.444	5	1
241.111	332.556	5	1
247.111	354	5	1
319.778	415	5	1
232.222	307.222	4	1
286	321.444	4	1
277.111	335.444	4	1
262.444	355.444	4	1
303.556	354.778	4	1
279.333	317.667	4	1
315.556	354.556	4	1
319.778	368.778	4	1
339.111	372.111	4	1
292.222	383	4	1
285.778	411.222	4	1
269.111	421.889	4	1
350.889	422.556	5	1
381.778	480.444	5	1
362.889	469.556	5	1
363.111	266	5	1
342.889	275.333	5	0.5
341.333	304.444	5	0.5
374.889	324.556	5	0.5
363.111	223.556	4	1
379.556	209.778	4	1
398	314.667	4	1
373.556	370.556	4	1
349.556	357.222	4	1
368.444	397.222	4	1
309.111	420.889	4	1
389.778	302.333	4	1
392.222	245.444	4	1
371.111	202.556	4	1
353.778	203.222	4	1
436	226.444	5	1
414.444	184.444	5	1
494.222	375.889	5	1
420.222	407.889	5	1
414	479	5	1
495.556	448.556	5	1
500.222	430.333	5	1
516.889	489.111	5	1
460.222	415.111	4	0.3
444.889	383.667	4	0.3
414.444	329.556	4	0.3
389.778	452.778	4	0.5
416.667	508.778	4	0.7
519.778	170.889	4	0.7
551.111	177.333	4	0.7
458.889	149.333	4	1
479.556	144.889	4	1
502.667	125.778	4	1
472.444	115.556	4	1
487.111	186.889	4	1
516.889	216	4	1
453.333	266.889	4	1
462	344.111	4	1
468	298.778	4	1
410.444	375.889	4	1
479.556	505.333	4	1
473.556	559.556	4	1
506.667	527.333	4	1
522.889	518.889	4	1
467.778	618.111	4	1
475.556	585.667	4	1
404.889	543.222	4	1
504.222	540.111	3	1
508.889	573.667	3	1
490.222	569.889	3	1
498.444	569.222	3	1
457.333	518.556	3	1
446.889	515.667	3	1
486.889	492.778	3	1
509.778	493.222	3	1
476.889	346.333	3	1
466.889	311.889	3	1
537.556	274.667	3	1
544.667	230.444	3	1
476.667	256.889	3	1
394.889	423.556	3	1
410.222	412	3	1
380.222	440.222	3	1
340.667	393.333	3	1
436.667	593	3	1
688.222	514.778	3	1
702.889	504.778	3	1
658	482.778	3	1
626.889	455.222	3	1
670.889	451.222	3	1
627.333	345.222	3	1
646.889	307.889	3	1
621.778	259.111	3	1
562.778	221.111	5	1
593.667	240.889	5	1
546.778	588.556	5	1
649	548.333	4	0.3
645.444	484.111	4	0.5
624.778	420.778	4	0.5
613.222	349	4	0.5
620.778	311.889	4	0.3
593.444	194.778	4	0.7
602.333	182	4	0.7
582.333	162.667	4	0.5
601	144.889	4	0.3
613.222	104.556	4	0.7
558.556	128.556	4	1
580.111	135	4	1
529	139.889	4	1
512.778	144.778	4	1
483.889	131.889	4	1
619.889	186.889	4	1
608.556	288.333	4	1
591.889	325.333	4	1
599.889	365.556	4	1
628.333	392	4	1
629.889	585.667	4	1
625.667	560.778	4	1
409.111	579.444	4	1
410.667	603.444	4	1
456	485	4	1
423.556	451.444	4	1
358.444	606.333	4	1
349.778	544.111	4	1
358.222	494.111	4	1
374	591.889	3	1
457.333	564.333	3	1
452.667	605	3	1
483.111	607.667	3	1
460.222	445.444	3	1
608	214.667	3	1
611.333	226.222	3	1
642	231.111	3	1
638.444	213.778	3	1
676.222	192.444	3	1
657.778	247.556	3	1
661.111	303.778	3	1
666	345	3	1
689.556	419.889	3	1
685.111	475.111	3	1
678.222	570.333	3	1
736.111	596.778	3	1
791.889	583.889	3	1
818.111	587.889	3	1
778.556	547.889	3	1
740.111	583.667	4	1
803.889	539.444	4	1
824.556	534.111	4	1
753.889	501.444	4	1
747	457.889	4	1
719.444	429.111	4	1
672.778	314.222	4	1
771.222	346.444	4	1
747.444	271.111	4	1
723.889	268.444	4	1
695.889	281.333	4	1
670.333	276	4	1
697.889	355.111	4	1
707.556	235.667	4	1
726.222	220.778	4	1
737.333	220.778	4	1
734.444	199.889	4	1
692.667	173.222	4	1
673.111	158.778	4	1
661.333	161.444	4	1
644.889	181.444	4	1
723.111	144.556	4	1
762.889	126.778	4	1
652.778	153.333	4	1
673.444	117.778	4	1
704.111	153.778	4	0.3
740.111	136.444	4	0.3
756.778	117.333	4	0.3
738.556	95.778	4	0.7
679.444	72.667	4	0.7
656.778	99.111	4	0.5
672.333	96	4	0.3
830.778	340.778	4	0.7
808.556	139.556	4	1
833.222	138.889	4	1
795.222	112.667	4	1
786.778	126.889	4	1
813.889	100	4	1
758.778	71	4	1
733	184.222	4	1
812.333	172.222	4	1
834.333	215.333	4	1
832.778	245.778	4	1
766.111	183.556	4	1
810.778	294.444	4	1
753.222	227.111	3	0.5
801.667	185.556	3	0.5
811.444	378.556	3	0.5
785	388.778	3	0.5
815	506.444	3	0.3
844.556	509.333	3	0.3
846.333	520	3	0.3
706.111	563.222	3	0.7
850.111	579.667	3	0.5
777.222	485.333	3	0.3
764.111	417.556	3	0.7
752.778	169.889	3	0.7
797.889	145.333	4	0.5
797.444	456	4	0.7
840.111	415.778	4	0.3
665.667	404.889	4	0.7
763.444	552.778	4	0.3
784.333	163.222	4	0.5
843.222	186.333	4	0.3
822.778	193.667	4	0.7
814.111	626.222	5	1
719.889	626.222	5	1
687.667	629.556	5	1
637.889	621.111	5	1
548.556	559.778	5	1
593.222	632	5	1
532.889	592	5	1
359.222	622.222	4	1
338.111	552.444	4	1
292.111	566.222	4	1
327	478.889	4	1
329.444	468	4	1
305.889	506.889	4	1
243.667	549.333	2	1
242.111	564.667	2	1
257.667	574	2	1
267.889	579.556	2	1
251.889	592.667	2	1
259.222	540.444	2	1
280.556	545.778	2	1
278.778	558.667	2	1
279.444	622.889	2	1
274.111	633.778	2	1
280.778	594.667	2	1
274.556	502.556	5	1
261.889	492.556	5	1
267	476.556	5	1
295	458.556	5	1
252.111	444.222	5	1
244.778	510	5	1
813.111	239.222	3	1
751.778	374.556	3	1
711.333	380.333	3	1
728.667	358.556	3	1
831.778	493.222	3	1
810.444	491.444	3	1
714.889	477.222	3	1
766.889	439.444	3	1
618.667	474.333	3	1
625.333	493.333	3	1
638.667	493	3	1
644	457	3	1
790.333	404.667	3	1
662.667	380.333	3	1
688.667	392	3	1
826	262.333	3	1
828	278.333	3	1
845	331.667	3	1
848	350	3	1
482.667	156.667	3	1
470	177.667	3	1
447	165.667	3	1
454	192.333	3	1
463	218.667	3	1
411	270.333	3	1
518.333	253.333	3	1
580.333	255.667	3	1
555.333	330.333	3	1

limite foto
X(um)	Y(um)
853	65.667
776	59.667
725	53.833
680.5	55.5
624.5	63.167
595.667	70.667
566.5	75.833
529.833	73
473.333	89.667
449.167	103.5
425.333	120.667
405	140.667
383.167	145
359.333	177.167
323	201.333
300	202.833
283.667	195.5
223.667	200.667
204	214.333
190.833	218
143	254.5
173	314
202.333	491.5
234.333	639.667
853	639.667

limite tejido
X (um)	Y (um)
148.333	232.167
153.5	229.333
157	227.333
159	224.333
162	222.5
164	220
168.333	217.833
173.167	215.167
178.5	209.833
181.333	213.833
185.5	217.833
190.833	218
204	214.333
210	208.167
213.667	202.667
223.667	200.667
233.833	203.833
241.167	205.167
250.5	205.667
257.667	202.167
271	200.667
278.167	201.5
283.667	195.5
289.5	200.333
295.167	202.5
300	202.833
305	203.333
311.333	203.167
315.833	200.667
323	200
332.667	197.5
339.5	196.667
343.667	191.167
348.167	189.667
355.833	183.5
359.333	177.167
363.333	169.833
367.833	162.333
373.167	157.333
376.5	151
383.167	145
393.5	142.333
405.167	136.833
410	135
413	131.667
419.333	127.5
425.5	122
430.833	117.833
436	110.667
440.5	107.333
449.167	103.5
459.667	99.667
465.5	96
473.333	89.667
484.333	88.667
493.667	89.667
506.167	87.5
521.5	82.5
529.833	73
544	77.167
558.667	76.5
566.5	75.833
574.667	77.5
585.167	79.833
595.667	72
602.5	66
624.5	63.167
641.833	63.5
657.667	58.333
680.5	55.5
701.5	53
712.167	52
725	53.833
740.167	54.333
752.333	56.833
763.333	56
778.833	59.667
794.167	63
809.667	69.167
823.333	75
834.667	80.167
847.333	80.5

limite lesion
X (um)	Y (um)
143.833	238.167
141	245
143	254.5
146.333	259.5
147.167	269.167
155.5	279.5
153.667	285.667
150	304.167
165.333	313.833
174.5	314
180.333	297.667
180.5	284.167
195.5	291.667
200.5	303.5
197	310.167
204.667	317
206.5	327.5
207.667	338.167
211.5	346.5
207.833	353.667
213.833	360.167
218.667	377.5
215.167	393.833
209.667	404.833
211.333	421.167
211.667	436.833
208.667	454.167
209.667	468.5
205.333	479.667
202.333	491.5
201.333	509.667
201.5	520.833
203	533.167
212	549.5
214.167	566.5
216.167	577.667
218.333	585.833
220.667	598.333
225.833	606.333
229.5	622.667
230.833	627.333
234.5	636

vaso
X (um)	Y (um)
501.333	280
508	272
514.667	269.333
523.333	272.667
526	282
529.333	296.667
538.667	306
547.333	322
552.667	349.333
552	365.333
556	390.667
552	403.333
530.667	414.667
512.667	414
508	402
508	387.333
507.333	372.667
498.667	360.667
494	340.667
490.667	330
489.333	305.333
492	292.667

vaso
X (um)	Y (um)	
560.333	556.333
577	562.667
602	556.333
616	539.667
619.667	517.667
611.333	504.333
607	483.333
599.667	470.667
585.333	472
567.333	464.667
554.667	458.333
538	460
532.333	471.667
535.333	494.667
542	523.333
548.667	539.667
553.667	549.333

vaso
X (um)	Y (um)	
693.672	122.678
689.161	146.131
710.81	142.523
725.243	132.6
737.872	121.776
746.892	113.658
736.97	108.245
721.635	104.637
707.202	110.951
	
vaso
X (um)	Y (um)
423.058	297.674
420.352	307.597
420.352	318.421
424.863	335.56
442.903	347.287
449.218	334.658
454.63	315.715
446.512	301.283
432.981	294.968

vaso
X (um)	Y (um)	
552.953	575.504
555.659	584.524
557.463	596.251
567.385	605.271
578.21	600.761
581.818	589.937
580.014	577.308
570.994	578.21
561.071	572.798

	
foto 4
pin 1
X (um)	Y (um)
627.67	60.89

pin 3
X (um)	Y (um)
596.00	594.22

celulas
X (um)	Y (um)	TIPO	PB
304.778	116.222	2	1
277.444	88.889	2	1
309.333	101.667	4	0.3
337	147.889	4	0.3
323.778	154	4	0.3
324.556	112.222	3	1
335	110.778	3	1
337.778	128.667	3	1
342.444	178.333	3	1
331.222	177.778	3	1
335.556	266.222	2	1
339	281.222	2	1
345	253.667	2	1
379.778	206.111	5	1
381	168	5	1
355.444	127.111	5	1
364	102.556	5	1
316.5	129.5	2	1
310.167	129.5	2	1
305.5	154.833	2	1
291.667	157.333	2	1
317.333	166.5	3	1
335	165.167	3	1
346.333	206.333	3	1
388.333	252.833	3	1
414	205.667	5	1
441.667	235.833	5	1
471.333	164	5	1
452.167	145.167	5	1
501.667	98.167	5	1
469.5	134.5	5	1
513.5	148.167	4	1
530	143.333	4	1
515	209.333	4	1
526.333	216.333	4	1
495	276.167	5	0.3
530.167	354.167	5	0.7
511.333	380.333	5	0.5
483.667	400.333	5	0.7
450.167	390	5	0.7
509.833	335.167	4	0.5
546.167	335.167	4	0.5
551.833	401.5	4	0.5
563.167	366.5	4	0.3
593	437.667	4	1
623	474	4	1
526	438.833	4	1
584.333	448.333	4	1
568.667	431.667	4	1
618.167	422.167	5	1
365	312.5	5	1
413	419.167	5	1
413.5	287.167	5	1
468.667	333.667	5	1
552.5	302.333	3	1
532	309.5	3	1
526.667	315	3	1
491.667	307.833	3	1
496	447.667	3	1
557.667	235	3	1
616.667	233.667	3	1
607.333	234.167	3	1
567.833	156	3	1
556.167	121.833	3	1
617.333	167.5	4	1
568.667	122.333	4	1
557	208.333	4	1
589.667	205.167	4	1
567.667	283.667	4	1
626.333	291.167	4	1
587.833	509.833	4	1
578.833	509.167	4	1
549.333	517	4	1
521.333	528.333	4	1
566.5	557.167	4	1
624.167	577.167	4	1
572.333	471.667	5	1
641.167	505	5	1
477.667	492.333	5	1
484.333	365	5	1
494.167	428.833	3	1
460.167	507.667	3	1
450.833	514.667	3	1
628.167	519.5	3	1
649.5	582.167	3	1
515.333	620.167	3	1
466.5	428.167	2	1
451.167	436	2	1
468.667	446.833	2	1
438.167	448.667	2	1
400	407.5	2	1
373.5	304	2	1
411.5	365	3	0.3
397.5	319.833	3	0.5
499.167	598	3	0.5
516.833	576.5	3	0.5
480.833	575.333	3	0.3
489.833	530.833	3	0.3
507.167	475.167	3	0.3
488.333	192.167	4	0.3
535.667	482.167	4	0.3
507.833	512.5	4	0.7
497.333	519.833	4	0.7
532.167	590	4	0.7
566.333	635.167	4	0.7
482.333	597.667	4	0.5
463.833	525	4	0.5
445.833	283.333	4	0.5
442.167	292.833	4	0.3
455	239.333	4	0.5
662.167	603.833	4	0.3
682.5	611.833	4	0.3
744.667	627.833	4	0.7
624.667	556.833	4	0.5
699.167	597.5	4	0.3
648	139.667	4	0.3
650.833	184.833	4	1
636.667	222.333	4	1
755.167	344.333	4	1
703.5	417.667	4	1
708.5	516	4	1
792.833	604.833	4	1
668.667	252.333	4	1
743.5	160	4	1
758.333	177.667	3	1
790.5	228	3	1
719.333	277.167	3	1
718	297.167	3	1
753.833	246.5	3	1
705.833	322.333	3	1
738.5	407.5	3	1
744	433.833	3	1
738.667	467.333	3	1
666.5	488.667	3	1
731.333	569.167	3	1
732.5	579.667	3	1
714.333	615.167	3	1
697.667	453	3	1
689.833	194	3	1
660.833	223.5	3	1
698	221	3	1
615.667	372.833	3	1
651	346	3	1
672.167	394	3	1
618.667	531.5	3	1
822	564	3	1
781	530.167	3	1
796.333	380	3	1
824.5	441.5	3	1
787.167	250.333	3	1
808.833	337.833	1	1
837.667	399.667	1	1
841	421.167	1	1
848.667	548.833	1	1
807.167	219.333	1	1
819.667	153.667	1	1
816.333	235	1	1
830.5	494.333	4	1
790.333	474	4	1
738.167	538.333	4	1
663.333	544.5	4	1
677.333	536	4	1
630.5	453.667	4	1
638.667	410.333	4	1
614.5	349.167	4	1
616.333	299.167	4	1
620.833	260.333	4	1
578.833	246	5	1
412	394.667	5	1
456	374.444	5	1
396	374.222	5	1
496.667	352.889	5	1
635.333	120.667	3	1
669.556	125.111	3	1
587.333	86.444	3	1
589.333	100.222	4	0.3
639.333	88.444	4	0.3
454.667	316.333	4	0.3
468.444	103.333	4	0.3
430.444	105.111	4	0.3
395.333	96.667	4	1
380.556	313.111	4	1
299.889	171.667	4	1
398.778	159.889	4	1
448.556	418.889	4	1
457.222	483.111	4	0.3
438.778	509.556	4	0.7
529.333	471.333	4	0.5
567.556	548.667	4	0.7
709.667	498	4	0.7
794.889	417.222	4	0.5
634	274.556	4	0.7
722.889	315.667	3	1
675.111	273	3	1
662.667	298.556	3	1
751.111	375.556	3	1
690.222	364	3	1
709.556	428	3	1
676.667	436.333	4	0.3
627.333	493.889	4	0.7
700.667	570.111	4	0.5
623.556	318	4	0.5
696.444	279.556	4	0.5
751.111	132	3	0.5
754.222	120.889	3	0.5
846	84.778	3	0.3
837.111	462.333	3	0.5
839.778	600.333	3	0.5
673.222	245.556	3	1
732.778	355	3	1
741.667	490.333	3	1
790	574.556	3	1
782.222	560.111	3	1
706.667	541	3	1
813.111	618.111	3	1

limite foto
X(um)	Y(um)
246	87.333
488.111	638.556
853	639.667
852.889	77.889

limite tejido 

limite lesion

vaso
X (um)	Y (um)
446.111	538.111
451.222	539.444
458.333	541.889
471	546.778
482.333	548.111
494.556	551.444
503	552.778
513	554.556
519.889	554.556
528.111	556.778
536.333	559.222
542.556	561.889
549.667	568.111
554.333	573.667
560.556	581.222
566.556	590.111
569.222	598.778
571.889	606.111
573.667	613.889
579.444	626.556
581	631.444
583	637.222
580.778	639
575.444	638.778
573.444	635
571	628.333
567.222	615.444
563.667	607.667
559.889	594.778
554.333	583.667
548.778	574.556
542.333	569.444
534.333	565.889
522.333	563.667
506.111	564.111
491.222	561.444
476.778	560.111
468.333	556.333
454.556	553.889
450.333	553.222
447	546.111

vaso
X (um)	Y (um)	
790.667	429
792.222	434.556
798.222	440.556
803.333	441
810.222	439.222
811.778	431.667
806.667	421.444
800	417.889
794.222	420.778
791.778	426.111

vaso
X (um)	Y (um)	
770	358.444
769.111	364.222
773.111	370.667
783.778	371.778
790.444	365.778
788	354.667
777.556	353.111

vaso
X (um)	Y (um)	
660.111	351.333
656.333	360.889
655.889	369.333
661.444	373.778
669.667	375.111
677.222	372.222
683	366.444
680.556	357.333
675.667	351.556
666.111	350.222
	
vaso
X (um)	Y (um)
702.111	251.556
693.667	254.889
689	264.444
691.667	275.111
701.444	278.444
709.444	275.111
713.889	266.444
711.889	257.556
707.444	253.556

vaso
X (um)	Y (um)	
680.556	133.444
675.444	130.556
657.889	131.444
651	140.333
645.222	149.889
648.778	158.333
664.111	155.889
674.778	147.667
682.556	141.889

vaso
X (um)	Y (um)	
750.667	308.222
744.889	311.111
741.111	324.222
746.667	329.778
759.778	327.333
763.556	318.667
758.667	311.111

foto 6
pin 3
X (um)	Y (um)	
476.67	132.33

pin 4
X (um)	Y (um)	
828.67	157.67

celulas
X (um)	Y (um)	TIPO	PB
439.333	250.667	5	1
444	222	5	1
422.333	282.333	5	1
420	177	5	1
515.333	174	5	1
500	210.333	5	1
550.333	187.667	5	1
417.667	207.333	5	1
616.667	251.333	5	1
705.333	258.667	5	1
566	245.667	5	1
697.333	182	5	1
757.333	199.333	5	1
653.667	225.667	4	1
638.667	199.667	4	1
645.333	191.333	4	1
750	245	4	1
817.667	218.667	4	1
839	234.333	4	1
756	268	4	1
528	254	4	1
528.667	219.667	4	1
654.333	286	4	1
671.667	315.333	4	1
614	307.667	4	1
498.333	236	4	1
533	278.667	4	1
577.333	333	4	1
721.333	303.333	4	1
734	270	4	1
497.333	276	4	1
486.333	282.333	4	1
444	291	4	1
443.667	345.667	4	1
409.667	246.667	4	1
482.667	173.333	4	1
496	174.667	4	1
526.333	190	4	1
610.667	173.333	4	1
617	188.333	4	1
729.333	184.667	4	1
716.333	249.333	4	1
773.667	236	4	1
457.333	207	5	0.3
446.667	171.333	5	0.3
428.333	333	5	0.5
486.333	327.333	5	0.5
524	357.667	5	0.5
466	344.667	5	0.5
541	365.333	5	0.3
498.333	440	5	0.3
473	427.667	5	0.7
578.667	417.667	5	0.5
562	425.667	5	0.3
610.667	385	5	0.5
612.333	364.333	5	0.7
574.333	282.667	5	0.5
711.667	326	5	0.5
689.333	343.667	5	0.3
674	329	5	0.3
609.333	264.667	5	0.3
705.667	217.333	5	0.3
627.333	351.333	5	0.3
554	378	5	0.3
783.667	199	5	0.5
808.667	173	4	0.7
675.667	233	4	0.7
623	210	4	0.3
550.667	322.333	4	0.3
462	388.667	4	0.5
516.333	392.333	4	0.5
512.667	411	4	0.5
612.667	285	4	0.3
783.333	266.667	3	1
802.333	240.333	3	1
847	175	3	1
743.333	181	3	1
655.333	258	3	1
458.333	374.667	3	1
652.333	237	3	1
775.333	181	3	1
830	203.333	3	1
798.333	195	3	1
797.667	204.333	3	1
835.333	252	3	1
822.667	184	3	1
595	358	4	1
577.333	364.667	4	1
744	319.667	4	1
730.333	317.667	4	1
772	277.667	4	1
814.333	265.333	4	1
779.667	295.333	4	1
759.667	313	4	1

limite foto
X(um)	Y(um)
363	171
476.667	470
578.667	417.667
759.667	313
853	254.667
852.333	163

limite tejido 

limite lesion

vaso
X (um)	Y (um)
463.667	171.111
465.667	174.889
466.778	179.333
468.333	188.889
470.556	203.333
470.556	210.444
473.444	221.778
474.778	235.333
476.556	247.111
475.222	256.444
476.778	272.444
475.444	283.111
472.778	299.111
467.667	307.778
460.778	319.556
452.111	330.667
443.889	341.556
433.889	353.111
431.444	351.111
431.222	348
434.333	345.111
438.556	340
443	334.667
446.556	330.444
451.444	323.111
453.889	318.667
460.778	307.556
466.111	296.444
468.333	288.444
469.667	278
469.444	266.667
470.111	256.889
469	247.333
467.889	238.889
466.778	231.333
465.444	225.778
464.778	219.667
463.889	210.111
462.556	197.667
461.444	188.111
458.333	180.556
454.333	170.333
459.222	170.111

foto 7
pin 3
X (um)	Y (um)	
471.33	516.00

pin 5
X (um)	Y (um)	
101.67	60.33

pin 10
X (um)	Y (um)	
821.33	268.00

celulas
X (um)	Y (um)	TIPO	PB
804.222	471.889	5	1
821.556	541.667	5	1
758.889	485.333	5	0.3
804.667	438.667	5	0.3
734.889	378.667	5	0.5
800.667	419.111	4	1
796.667	481.333	4	1
745.556	443.556	4	1
815.333	509.778	4	1
850.444	522.222	4	1
748.667	388.556	4	1
806.889	245.778	4	1
742.444	78.222	4	1
746.889	44.889	4	0.5
818.889	71.556	4	0.3
839.778	175.778	4	0.3
764.667	190.444	4	0.5
804.222	299.111	4	0.7
740.667	299	4	0.3
825.111	385.222	3	1
801.556	338.111	3	1
759.333	345.222	3	1
733.111	270.556	3	1
831.333	290.444	3	1
742	208.111	3	1
827.778	211.667	3	1
750	116	3	1
795.778	119.556	3	0.3
790.889	89.333	3	0.7
785.111	176	3	0.7
764.667	281.333	3	0.5
797.111	398	3	0.3
830.889	235.778	3	0.5
782.889	205.111	3	0.3
839.778	449.222	3	0.5
735.778	387	3	0.5
827.444	48.444	1	1
836.333	131	1	1
828.778	115.444	1	1
840.778	316.444	1	1
816.778	361	1	1
846.778	435.556	1	1
770.333	535.111	3	0.3
738.778	532.222	3	0.5
833	498	3	0.7
830.111	487.556	3	0.7
822.778	413.556	3	0.3
848.778	328	3	0.5
768.111	265.444	3	1
751.889	23.111	3	1
819	151.333	3	1
845.889	366.889	3	1
814.556	444.333	3	1
763.222	510.667	3	1

limite foto
X(um)	Y(um)
725.889	5.556
729.444	549
852.333	546.667
853	0

limite tejido 

limite lesion

vaso
X (um)	Y (um)
738.333	331.556
740.111	338
745	340.667
758.111	340.222
766.111	331.556
772.778	326
769.444	318.889
758.556	318.889
748.556	320.667
739.444	327.778

vaso
X (um)	Y (um)
754.556	395.778
755.889	405.111
757	408.222
761.889	412.222
770.333	413.333
778.333	412.889
780.333	401.111
779.222	394.889
772.556	389.333
764.778	388.222
756.778	388.889

foto 8
pin 2
X (um)	Y (um)	
634.33	44.00

pin 5
X (um)	Y (um)	
95.00	620.33

pin 6
X (um)	Y (um)
841.11	175.00

celulas
X (um)	Y (um)	TIPO	PB
744	68	3	1
771.333	72	3	1
765.667	85.667	3	1
745.333	133.333	3	1
741	52.333	3	1
756.667	52.333	3	1
754	187	3	1
741	224.667	3	1
752.667	275.667	3	1
754.333	319.667	3	1
821	251.667	3	1
786.333	224	4	1
758	399.667	4	1
788.333	433	4	1
732.667	100.667	4	1
808	140.333	3	1
782	124	3	1
811	129.667	3	1
815.333	113.667	3	1
763.333	43.333	3	1
744.333	34.333	3	1
738	551.667	3	1
726.333	512.333	3	1
825.333	396.333	3	0.3
772.667	259.667	3	0.5
832.667	158	3	0.3
804.667	178.667	3	0.3
773.667	169.667	3	0.3
776.667	462	3	0.5
740.667	411	3	1
784	489.333	1	1
798	474	1	1
830.667	492	1	1
803.667	523	1	1
829	362	1	1
775.667	343.333	1	1
817	234.333	1	1
801	288.667	1	1
750.667	121.333	1	1
759	132.667	1	1
821.333	322.667	1	1
811.333	354	1	1
839.667	472.667	1	1
731.667	540.667	1	1
772.667	428.667	1	1
724.667	442.333	1	1
818.667	143	3	1
772	101.667	3	1
730.667	252	3	1
789.333	62.667	3	1
733	141.667	3	1
799.333	419.667	3	1
743	291	3	1
733.667	313	3	1
735.333	403.333	3	1
771.333	374.333	3	1
729.667	18.667	3	1

limite foto
X(um)	Y(um)
726.667	13.333
723	561
852.333	561.667
853	0
825	6.333
786.333	14.333
759.667	21.667

limite tejido 
X (um)	Y (um)
734.667	19
745	21.667
751.667	24.667
761	21.667
771	24
777.667	14.333
786.333	14.333
794.667	14
804	15.667
817.667	12.333
825	5
833.667	2

limite lesion

vaso
X (um)	Y (um)
851.444	3.556
847.889	6.444
841.222	10.222
833.889	13.111
823.222	17.778
812.556	26.222
804.556	32.889
795.889	45.778
795.444	60.222
797.222	66.667
803.667	77.556
815	86.444
823.667	89.778
827.889	99.556
841	102.222
848.778	102.667
853	7.778
852.778	13.333
853	21.556
852.778	27.778
853	44.667
853	65.778
853	87.333
853	102.667

foto 9
pin 6
X (um)	Y (um)	
91.56	358.78

pin 7
X (um)	Y (um)	
449.89	496.89

pin 8
X (um)	Y (um)	
804.00	356.00

celulas
X (um)	Y (um)	TIPO	PB
241.333	163.333	4	1
183.333	187.333	4	1
158	187	4	1
166.333	225.667	4	1
155	242.333	4	1
277.333	189.333	4	1
267	204	4	1
218.333	257	4	1
308	206	4	1
317.667	160	4	1
328.667	173.333	4	1
516	140.667	4	1
497.667	174.667	4	1
459.667	140	4	1
829.333	140	4	1
823	136	4	1
825	119.667	4	1
726.667	120	4	1
609.667	160.667	4	1
616.667	132.333	4	1
635.333	111.333	4	1
706.333	121.667	4	1
629	172	4	1
742.667	137.667	3	1
709	102.667	3	1
706.333	198.333	3	1
652.667	154.333	3	1
608.667	282.333	3	1
709.667	250	3	1
759.667	175.333	3	1
784	172.667	3	1
845	240.667	3	1
798	215.333	3	1
776.667	192.333	3	1
600.667	247	3	1
617	223.333	3	1
604.333	182.333	3	1
648.667	180.667	3	1
528.667	197.333	3	1
633.667	249	3	1
641.667	268.667	3	1
605.333	316.333	3	1
651.667	308.667	3	1
729.333	346.667	3	1
532	396.667	3	1
524	251.333	3	1
538	136	3	1
581.667	131.667	3	1
460	187.333	3	1
466.667	213.667	3	1
446.667	234	3	1
399.667	207.667	3	1
394	180.667	3	1
394.667	195.667	3	1
428.667	211.333	3	1
483.667	213	3	1
428.667	313.667	3	1
395	255	3	1
390	232	3	1
358	230.333	3	1
337.333	248	3	1
333	207.333	3	1
345.333	162.667	3	1
290.667	313.333	3	1
292.333	289.667	3	1
312.333	254	3	1
374.667	280.667	3	1
316	347.333	3	1
339.333	339.333	3	1
429	345.333	3	1
308.333	218.667	3	1
293	137.667	3	1
276	152.667	3	1
223.667	174	3	1
218.333	209.667	3	1
185.667	217.667	3	1
175	263.333	3	1
228	315.333	3	1
195.667	304	3	1
203.667	277.333	3	1
153.333	312.667	3	1
295.667	272.333	3	1
228.333	270	3	1
281.333	232	3	1
230.667	384.667	3	1
322	365.333	3	1
212.667	465.333	3	1
188.667	456.333	3	1
166	460	3	1
155.667	485.667	3	1
130.667	521	3	1
115.333	473	3	1
118.333	418.333	3	1
274	473	3	1
244	501	3	1
172	543.667	3	1
195	600	3	1
299.667	426	3	1
189.333	345.667	3	1
250	228	3	1
188	178.667	3	1
213.333	162.667	3	1
242.333	148	3	1
135.333	307	3	1
158	276	3	0.3
290.667	180.667	4	0.3
336	145.667	4	0.5
365	173	4	0.5
202.333	200	4	0.5
243	198	4	0.5
231	230	4	0.5
263.667	168	4	0.7
320	140	4	0.3
338.333	126.333	4	0.7
284.333	151.333	4	0.7
386	135	4	0.3
390	152.333	4	0.5
401.667	152.667	4	0.5
479.667	141.667	4	0.5
483.667	154	4	0.3
494.667	123.333	4	0.7
484	121.667	4	0.3
433	108.333	4	0.5
411.667	123	4	0.5
540.333	164	4	0.3
756	154.667	4	0.3
798	125.667	4	0.5
810.333	225	4	0.5
828	200.667	4	0.5
831	156.667	4	0.5
689	172.667	4	0.5
659.333	99.333	4	0.7
769	115.333	4	0.3
788.333	130.333	4	0.7
753	212.667	4	0.7
724.333	218	4	0.7
738	181	4	0.3
726	177	4	0.7
712	167.333	4	0.3
685	283.667	3	1
744.667	324	3	1
696.333	315.667	3	1
717.667	285.667	3	1
797	297.333	3	1
800	260	3	1
659.667	405.667	3	1
737	500	3	1
284	602.667	3	1
279	627	3	1
335.667	383.667	3	1
250.333	247.667	3	0.5
253.667	281.667	3	0.5
204	339.667	3	0.5
252.333	466.333	3	0.3
372.333	468.333	3	0.7
439	285	3	0.7
462.667	256	3	0.7
494.333	272	3	0.3
462	317.667	3	0.3
536	310	3	0.5
560.667	273.667	3	0.5
563.667	360	1	1
535.667	358.333	1	1
597	373.333	1	1
604	513	1	1
568.667	520	1	1
505.333	534	1	1
355.333	518	1	1
343.667	487	1	1
345	566.333	1	1
542	586.667	1	1
477.333	420	1	1
420	453.333	1	1
465.667	421	1	1
488.667	441	1	1
535.333	446.333	1	1
599	289.333	1	1
505	272.333	1	1
506	246.667	1	1
579.667	200.667	1	1
604.333	338	1	1
319.333	301.667	1	1
389.333	316.667	1	1
347	302.333	1	1
416.333	258.667	1	1
274.333	339	1	1
252.667	303	1	1
305	472.667	1	1
298.333	442.333	1	1
324.333	480	1	1
311.333	487.667	1	1
312	496.333	1	1
393.333	412	1	1
412.667	421	1	1
440.667	408.333	1	1
301.667	575.333	1	1
321.333	527.333	1	1
291.333	527	1	1
282.333	536.667	1	1
229.667	561.667	1	1
193.333	522.333	1	1
207.667	492	1	1
208.667	636	1	1
374.333	550.667	1	1
399.667	518	1	1
402.667	549.333	1	1
170.667	445	1	1
183.667	424.667	1	1
194.667	418	1	1
212.333	536.333	3	0.3
133	532.333	3	0.3
129.333	573.667	3	0.3
241.667	584	3	0.5
256.667	614.667	3	0.3
275.667	581.333	3	0.5
268.333	417.667	3	0.5
280.667	368.333	3	0.7
174.667	407	3	0.7
163.333	374.333	3	0.7
162.333	353.333	3	0.3
173.333	307.667	3	0.5
167.333	294.667	3	0.3
148.667	303	3	0.3
687	417	3	0.3
712.667	386.667	3	0.5
662.667	358.333	3	0.5
711	336.667	3	0.7
747.667	387	3	0.7
778.333	382	3	0.5
713.333	431.333	3	0.3
763.667	288	3	0.5
799	280	3	0.3
818.667	231.667	3	0.7
836.667	174	3	0.7
733	419.667	3	0.3
701.333	517	1	1
687	462.667	1	1
770.333	472.667	1	1
820	443	1	1
833.333	405	1	1
773.333	516	1	1
737.333	544.667	1	1
692.333	567	1	1
740	625	1	1
806.667	606.333	1	1
692	601	3	1
812.667	571	3	1
816	526	3	1
808.333	170.667	3	1
730.333	144.667	3	1
725.667	199.667	3	1
652.333	211.667	3	1
657	226	3	1
696.333	212.667	3	1
658.333	242.667	3	1
183	139.333	4	1
338	112.667	4	1
328.667	111	4	1
341.667	102.333	4	1
364.333	114.667	4	1
298.333	117.667	4	1
258.667	122.667	4	1
271.333	116.333	4	1
408	108	4	1
433.667	101	4	1
434.667	124	4	1
422	139	4	1
420.333	151.667	4	1
439.333	159	4	1
531.667	125	4	1
526.667	99	4	1
724	95.333	4	1
573.333	108.333	4	1
696.667	130.667	4	1
718	130	4	1
676.333	114	4	1
634	145.667	4	1

limite foto
X(um)	Y(um)
98	171.667
112.333	639
852	634.667
852.667	101.667
811	84.667
704.667	82
605	96.667
513	84.333
432	87.667
387	92.333
313	105
275.333	100.667
227	133.333
184.333	118
136.667	142

limite tejido
X (um)	Y (um)
96.667	171.667
105.333	165
114.333	156.667
124	148
135.333	140.667
147.667	127.667
162	123
175.667	118.333
184.333	118
198.333	134
204	144.667
227	133.333
238.667	122.333
253.333	112.667
257.667	102.667
275.333	99.333
282.667	101.333
296.667	106.667
313	105
333.667	101.667
344.667	96
358.333	92.667
387	92.333
411.667	85.667
432	87.667
460	85.333
468.667	89.333
490.667	79.667
499.667	76
513	84.333
524.667	80.667
536.333	83.333
547.333	88.333
562.333	90.333
572.667	87
605	96.667
622.333	98.333
642	95.333
654	87.333
667.667	86.667
687.333	84
704.667	82
722.667	81.667
749.333	81.667
768.667	84
785.667	84
809.667	84.667
823	95.667
844	99.333
852.667	101.667
 
limite lesion

vaso
X (um)	Y (um)
662.333	257.667
669	265.222
682.778	264.778
693	263.444
701.444	252.778
707.222	237.222
700.556	228.778
683.667	222.111
670.778	223.889
666.778	238.556
665	246.111
663.222	251.889

vaso
X (um)	Y (um)	
605	211.889
625	217.667
641	217.222
653.889	199
643.667	183
630.333	180.778
615.222	195.889

vaso
X (um)	Y (um)	
551.667	206.556
560.556	189.222
570.333	177.667
595.222	170.556
601.889	147.444
584.111	149.667
559.222	155.889
540.556	180.333
537.444	199
543.222	205.222

vaso
X (um)	Y (um)	
107.556	188.444
114.667	183.556
123.111	178.667
133.778	181.333
135.556	188.444
137.778	200
140.889	228.444
137.778	241.778
141.333	259.111
142.222	273.778
143.556	284.889
138.222	295.556
130.222	306.667
136.889	316.444
144.444	321.778
148.444	336
147.111	357.333
156.444	370.222
162.667	388
164	413.333
152.889	425.778
138.222	426.222
130.667	416.889
117.778	412.444
112.889	401.778
108	391.111
106.222	384.444
105.333	370.222
105.333	356.889
105.778	344.444
105.333	333.778
104.444	325.333
104.889	308
103.556	293.333
104	280.889
102.667	267.556
101.778	247.556
102.667	230.222
102.222	215.111
100	198.222

foto 10
pin 7
X (um)	Y (um)	
458.22	54.67

pin 9
X (um)	Y (um)	
182.67	634.00


pin 10
X (um)	Y (um)	
70.67	572.00

pin 11
X (um)	Y (um)	
758.21	241.12


celulas
X (um)	Y (um)	TIPO	PB
249.667	348	4	1
235.333	407.333	4	1
185.667	400.667	4	1
303	446	4	1
172.333	528.333	4	1
209	427.667	4	1
289.667	355.333	4	1
275.333	599	4	1
203.333	325	5	1
158.667	321.667	5	1
152.667	369.333	5	1
160.667	400.333	5	0.3
340	476.333	5	0.3
122.667	610	5	0.5
343.333	440.667	5	1
147	336	3	1
133.333	288.333	3	1
154	552.667	3	1
136	477.667	3	1
123.667	452.667	3	1
157	247.333	3	1
189.333	219.333	3	1
194	517.333	3	1
360	554	3	1
287.333	275.333	3	1
403.333	544.333	3	0.3
411	476.667	3	0.3
398.333	488.667	3	0.5
279	476.333	3	0.5
305.333	580.667	3	0.5
343.667	603.333	3	0.3
125	518.667	3	0.5
205.333	375.667	3	0.3
260.667	319	3	0.5
232	612	3	0.5
290.333	478	3	0.5
299	517.333	3	0.3
408.333	557.667	3	0.3
454.667	527.333	3	0.7
467	506	3	0.7
508.333	441.333	3	0.7
488.667	446	3	0.3
483	573.667	3	0.7
459.667	588.667	3	0.7
534.667	605	3	0.5
407.333	304	3	0.3
399	436.333	3	0.3
389.667	385.667	3	0.7
507	483	3	0.3
546.667	475.667	3	0.3
663.667	543	3	0.5
616.333	606	3	0.5
617	631.333	3	0.3
652.333	605.667	3	0.3
698.333	503	3	0.3
530	510.667	3	0.3
606	618.667	3	0.3
846.333	386	3	0.3
589	204.333	3	0.5
587.667	274.667	3	0.3
616	277.667	3	0.3
631	257	3	0.7
722.667	483.667	1	1
714	462.333	1	1
794.333	322	1	1
643.667	308	1	1
600	323	1	1
587.667	416.333	1	1
631.333	583	1	1
668	608.667	1	1
780.667	615.333	1	1
760.667	608.667	1	1
818	588.333	1	1
718.333	602.667	3	0.7
749.333	586	3	0.3
743.333	557.333	3	0.3
731.333	569.667	3	0.5
658.667	632.667	3	0.5
705.333	630.333	3	0.3
581.333	615	3	0.3
571.333	529.333	3	0.3
566	390.333	3	0.3
735	315	3	0.3
831.333	604.333	4	0.7
834.333	631.667	4	0.7
786.333	635	4	0.7
798.333	624.667	4	0.5
681.667	615.667	4	0.5
671	635.333	4	0.3
564.667	600	4	0.7
741	497.333	4	0.5
816.667	455.333	4	0.3
803.667	445.333	4	0.3
788	457	4	0.3
601	488.333	4	0.3
591.333	504	4	0.7
644.667	590.667	4	0.7
723	409.667	4	0.5
710.333	401.667	4	0.5
709	300.333	4	0.5
741.333	268.333	4	0.5
665.333	233.667	4	0.3
424	530.333	4	0.3
377	533	4	0.3
455.333	567.667	4	0.5
392	583.333	4	0.7
456.333	458	4	0.3
342	575.667	4	0.5
280.333	384	4	0.5
361	400.333	4	0.7
244	541.667	4	0.5
328.333	578.667	4	0.5
374	624.667	4	0.5
483.333	468.333	4	0.3
504.333	575.333	4	0.3
498.667	551	4	0.5
222	515.667	4	0.5

limite foto
X(um)	Y(um)
118.333	192.333
118.667	638.667
853	639.667
853	187

limite tejido 

limite lesion

vaso
X (um)	Y (um)
280.667	371.667
284.667	378.333
300.667	379.667
310.667	377.667
315.667	359.333
305.667	355.667
291	359.667
280.667	366

vaso
X (um)	Y (um)
163	598
154.333	604.333
151.333	612.333
153.333	619.333
163	623.667
180.333	620
189	605
182	591.667
171.333	595

vaso
X (um)	Y (um)
335	250.333
322	254
317	269.333
319.667	276
336.333	275.333
346.333	268.333
349.667	260.667
343.667	253

vaso
X (um)	Y (um)
308	444.667
319	458.333
337	458
359.333	454
378.333	446.667
376	437
368	432
357.667	432.667
348.667	441
339.333	447.333
333.333	444
318.667	442
312	440.333

vaso
X (um)	Y (um)
577.667	459.667
580.333	452.667
586	444.667
606.667	435.333
619.667	425.667
641.667	417.333
658.333	426
649.667	442
626	449.333
603	462

vaso
X (um)	Y (um)
578.667	463.333
589.667	196.333
597	202.333
604	208
601	220
599.333	227.667
595.333	251
595.667	272.667
589	284.333
596	291
605.667	284.333
613	271.667
620.333	262.333
619	245
636.667	233
651.667	225
651	211.333
643.667	204
637	200
615.333	196
608.333	195.667
595.667	195

vaso
X (um)	Y (um)
717.333	523.333
725.333	533.333
732.667	533.667
735	526.333
730.667	519.667
722.333	519.333

vaso
X (um)	Y (um)
675.667	590
677	603.667
690	616.667
699.333	614.667
704.333	609.333
697	602
689.333	595.667
687.667	585.333
682	580.333

vaso
X (um)	Y (um)
790	208
792	226.333
801.667	237.667
813.333	244
828.333	244.333
838.333	248.333
848.667	252
851.667	244
853	238.667
853	225
853	201.667
852.667	193.333
840	199
829	197
822	201.333
820.667	209.333
813.333	212.667
803.667	204
794.333	203.333

vaso
X (um)	Y (um)
802.667	346.333
807	356.333
822.333	356.667
831.667	352.333
844.667	339.333
847.333	327.333
837.333	322
830	326.667
821.333	335.667
812.333	343
817.333	558.667

foto 11
pin 4
X (um)	Y (um)
78.67	380.56

pin 9
X (um)	Y (um)
186.56	169.67

pin 12
X (um)	Y (um)
790.67	484.33

celulas
X (um)	Y (um)	TIPO	PB
181.778	283.778	5	1
105.333	213.556	5	1
109.778	252.667	4	1
212	303.778	4	1
137.778	326.444	4	1
130.222	387.778	4	1
196.444	241.111	4	1
284	265.111	4	1
104.889	362	4	1
184.889	394.889	4	1
233.778	231.333	4	1
280.889	348.889	4	1
469.444	224.556	4	1
528.111	218.778	4	1
567.222	199.222	4	1
545.444	183.667	4	1
509.444	180.556	4	1
336.556	306.778	4	1
645.111	212.333	4	1
776.667	205.667	4	1
542.444	321.222	4	1
681.111	174.556	4	1
750.444	249.222	4	1
592.222	356.778	3	1
602.444	337.667	3	1
757.111	279.444	3	1
509.111	234.556	3	1
612.667	198.111	3	1
435.111	252	3	1
313.778	346.222	3	1
326.667	352	3	1
303.111	381.333	3	1
337.778	216.444	3	1
153.111	358.778	3	1
173.556	343.667	3	1
265.556	315.667	3	1
192.222	202.333	3	1
147.778	200.556	3	1
174.444	425.111	3	1
108.667	445.556	3	1
210.444	356.222	3	1
214.444	406	3	1
302.444	285.889	3	1
367.222	278.111	4	0.3
533.889	261.667	4	0.5
405.889	273.222	4	0.5
607.222	252.333	4	0.5
730.889	278.111	4	0.9
719.333	263	4	0.7
792.667	169.667	4	0.7
680.222	359.444	4	0.3
650	349.667	4	0.5
722.889	293.222	4	0.5
690.444	311.889	4	0.5
505.111	265.222	4	0.5
519.778	285.222	4	0.3
505.556	308.778	4	0.3
407	309.778	4	0.7
424.778	338.667	4	0.7
475.444	331.556	4	0.3
478.556	168.889	4	0.5
286.556	216	4	0.3
342.111	256.556	4	0.7
308.444	400.222	4	0.7
280	438.889	4	0.3
271.556	452.667	4	0.5
329.778	394	4	0.3
329.778	414.889	4	0.3
163.111	412.667	4	0.3
102.667	275.778	4	0.5
300	235.778	4	0.5
152	180.333	4	0.5
238.667	261.222	4	0.7
232.444	184.333	4	0.7
245.333	195.444	4	0.3
187.111	454.111	4	0.3
129.778	446.556	4	0.5
159.111	382.111	4	0.5
356	377.333	4	0.3
238.222	422.667	4	0.5
266.667	433.778	4	0.5
287.556	419.556	4	0.7
298.222	424.444	4	0.7
337.778	427.111	4	0.3
546.556	357.889	3	0.3
477.222	361.889	3	0.5
599	294.333	3	0.5
633.222	356.556	3	0.5
408.778	198.556	3	0.7
452.778	313.333	3	0.7
455.444	279.111	3	0.3
398.111	358.333	3	0.3
427	368.111	3	0.5
702.556	184.667	3	0.5
713.111	164.667	3	0.5
663.778	168.222	3	0.5
622.444	167.333	3	0.3
577.556	314	3	0.3
658.444	324.222	3	0.7
661.556	196.667	3	0.7
723.333	206.444	3	0.3
763.778	222.889	3	0.5
821.556	184.111	1	0.3
797.111	180.556	1	0.7
788.667	261.444	1	0.7
821.556	272.556	1	0.3
765.111	313.444	1	0.3
658.444	291.222	1	0.5
645.111	238.333	1	0.5
714	241.889	1	0.5
695.333	215.222	1	0.5
771.333	251.222	1	0.3
725.111	341.889	1	0.3
681.556	238.222	1	0.7
689.556	249.333	1	0.7
352.111	323.778	1	0.7
150.222	311.667	4	0.7
196.889	367.667	4	0.3
330.222	363.667	4	0.3
494.222	198.333	4	0.5
218.667	253.444	4	0.5
814	296	3	0.5
816.667	240.444	3	0.5
834	218.667	3	0.3
601.778	272.778	3	0.3
654.222	255	3	0.7
340.111	175.889	3	0.7
301.444	189.667	3	0.5
384.111	201.667	3	0.5
378.333	245.556	3	0.5

limite foto
X(um)	Y(um)
97.222	175.444
101.222	487.778
264	476
357.333	441.333
405.333	392
508	381.333
593.333	356.667
734.667	376
829.333	380
853	372
852.667	155.111
450.667	149.333

limite tejido 

limite lesion

vaso
X (um)	Y (um)
442.333	170.333
432.111	173
424.556	174.778
423.222	184.111
427.222	190.333
435.667	191.222
444.111	189.889
449	183.667
453.444	177.444
449.889	169.889

vaso
X (um)	Y (um)
587.222	231.222
578.778	242.333
581.889	250.333
593	251.667
603.222	245.444
614.778	243.222
624.556	237.889
632.111	223.667
627.667	212.556
617	217.444
606.778	227.667
597	229.889

vaso
X (um)	Y (um)
825.556	323.556
814	320.889
800.667	321.778
794	324.889
790.444	331.556
786	340.889
774.444	342.667
760.667	343.111
748.667	344.444
743.333	348.444
741.556	356.889
743.778	360.889
758	365.333
779.333	370.222
790.889	366.222
803.778	357.333
818	352.444
829.556	345.778
829.111	334.667

vaso
X (um)	Y (um)
825.556	216.444
818.444	215.111
807.778	209.333
804.222	227.111
814.444	227.556
821.556	224.444

vaso
X (um)	Y (um)
356.556	305.556
349	303.333
342.778	307.333
334.333	310.889
325.444	314.889
317.889	323.778
320.556	341.111
325.889	344.667
337	338.444
340.556	328.667
346.778	322.889
361.444	314
366.778	314
379.222	306.444
369	301.556

vaso
X (um)	Y (um)
221	326.444
234.333	321.556
233	311.333
225.889	304.667
207.222	311.778
204.111	319.778
213	326.444

foto 12
pin 12
X (um)	Y (um)
52.33	464.33

pin 13
X (um)	Y (um)
762.67	69.78


pin 14
X (um)	Y (um)
789.56	40.00

celulas
X (um)	Y (um)	TIPO	PB
232.667	336.333	4	0.7
205.667	331.667	4	0.5
137.333	340.667	4	0.5
148	216	4	0.7
122.667	264	4	0.3
152.333	166.667	4	0.3
224	156.667	4	0.3
175	60.333	4	0.3
276	315.667	4	0.7
120.667	361	4	0.3
197.667	361	4	0.3
436	234.333	4	1
369.333	234.333	4	1
421.333	79.667	4	1
251	215.333	3	1
235.333	278.667	3	1
358.667	309.333	3	1
363.667	274.333	3	1
377.667	254.667	3	1
393.667	154	3	1
411.667	202.333	3	1
399.333	94	3	1
225.667	26	3	1
312.333	294	3	1
265.333	124.333	3	1
567	181.333	3	1
600	183.333	3	1
513.667	227.667	3	1
402.333	311	3	1
385.333	336.667	3	1
474.667	352.333	3	1
549.667	292.333	3	1
556.333	253.333	3	1
615.667	211.333	3	1
456.667	48	3	1
565.333	327.667	3	1
535.333	307.333	3	1
501.333	292.333	3	1
390.333	295.667	3	1
812.667	246.667	3	1
841.667	311.667	3	1
745.333	326.667	3	1
649.333	316	3	1
663.333	227	3	1
669	153.667	3	1
824.667	15	3	1
763	268	3	1
844.667	364.667	3	1
616.667	306.333	3	1
785	332.667	3	0.3
751	312.667	3	0.3
834	347.333	3	0.5
829	323.667	3	0.5
791.667	354.667	3	0.5
598.333	284.333	3	0.5
607.333	256.667	3	0.5
688.667	259.667	3	0.5
638.667	37.333	3	0.5
812.333	106.333	3	0.5
439	189.333	3	0.3
538	218	3	0.3
554.333	175.667	3	0.3
471	319	3	0.7
427	267.333	3	0.3
438.667	290.667	3	0.3
243.667	307.667	3	0.5
271.667	292	3	0.5
157.667	261.333	3	0.5
212.667	45.333	3	0.7
364.333	47.333	3	0.5
154.333	125	3	0.7
166.667	114.333	3	0.5
209	111.333	3	0.3
290	168.333	3	0.3
202	70	1	1
197	31	1	1
212.333	8.333	1	1
350.333	13.333	1	1
377	4.333	1	1
521.333	83.667	1	1
499	16.667	1	1
434	152.333	1	1
432	118.333	1	1
453	206.333	1	1
359.667	196.667	1	1
509.667	279	1	1
460.333	274.667	1	1
461.333	231	1	1
446	311.333	1	1
499.667	324.667	1	1
493.667	186	1	1
648.667	194	1	1
692.667	131.667	1	1
669.667	58	1	1
826.333	131.333	1	1
768	200.667	1	1
732.667	136	1	1
633	101	1	1
749.333	80	1	1
728.667	239.667	1	1
805.667	215.667	1	1
828.667	177	1	1
847.667	212.333	1	1
676.667	285.667	1	1
657	304	1	1
706.333	283.667	1	1
832	287.667	1	1
832	277.333	1	1
792.333	301.667	1	1
664	337	1	1
669	328.333	1	1
704.333	319	1	1
323.333	225.667	3	1
352	203	3	1
309.333	248	3	1
300	334.667	3	1
266.333	340.667	3	1
291.333	329	3	1
332.667	332.667	3	1
133.333	318	3	1
127.667	306.667	3	1
213.667	129.667	3	1
318.333	11	3	1
225.667	9.333	3	1
140.667	202	3	1
282.667	249	3	1
293.333	208	3	1
141.333	356.333	3	1
131	89.333	1	1
150.667	82.333	1	1
171.333	86.667	1	1
227	102.667	1	1
256.667	59	1	1
343.333	64.667	1	1

limite foto
X(um)	Y(um)
116.667	1.333
116	374.333
489.333	376
582.667	392
797.333	398.667
853	406.667
853	0

limite tejido 

limite lesion

vaso
X (um)	Y (um)
725.667	347
719.667	353.333
719.333	364.667
729	370
741.333	366
743	356.667
738	349.667

vaso
X (um)	Y (um)	
542.667	336.333
529.333	338
516.333	347
521	363.333
533	375.667
542	377.333
554	373.333
560	364
560.333	352.667
553.333	341

vaso
X (um)	Y (um)	
468.667	287.667
457.667	287.333
454.667	298.333
459	306.667
466.333	309.333
476	309.333
483	297.667
479.333	290.667

vaso
X (um)	Y (um)	
594.667	245
602.667	53
599.667	61
587.667	74.667
583.333	87.333
582.333	107.667
584.333	125
586	138
582.333	143.333
587.333	150
596	143.333
599	133.333
617	135
636.333	130
647	123.333
651	112.667
637.333	112
629.667	113.333
617	113
610.333	109.333
612	104
607.667	95.333
607.667	83.333
612.667	67.333
619.667	61
620	55.333
614	49
608	49.333

vaso
X (um)	Y (um)	
519	35
520.667	46.667
531.667	48
536.667	40.667
529.333	33.333

vaso
X (um)	Y (um)	
467.333	24.667
471.667	25.667
477.667	30.333
488.333	28
492.333	21
487.667	15.667
482	14
475.333	13.333
467	11.667
460	16.333
461.667	23

vaso
X (um)	Y (um)	
432	39.333
431	51.333
438	58.667
447	54.667
450	45.667
445	37.333
437.333	37

vaso
X (um)	Y (um)	
340.667	102
351.333	98.667
360.667	94.667
369.333	84
380.667	79.333
383.333	69.667
398.333	63.667
410	58.333
404.333	44.333
418.667	31.333
431.667	27.333
429.667	18.333
421	22.667
407	25.333
409	19
406.667	9
405	3.667
399.333	1.333
393.667	2.333
391.333	7.333
389.667	18
385	27.333
382.667	39.667
384.333	49
382	57
371	66
356.333	73.333
350.333	77.667
340.667	87.333
338.667	95.667

vaso
X (um)	Y (um)	
335	157.333
336.667	163
348.333	157.667
363.333	152.667
372	144.667
376	131.667
365.667	124.667
353.667	132.667
347.333	147.667
339	151

vaso
X (um)	Y (um)	
324	274.333
335.667	280.333
344	277.333
353	267.667
357.333	270.333
364	268
366	257
355.333	256
340	255.667
327.333	261.667
322.333	269

vaso
X (um)	Y (um)	
189.667	166
199.333	166.333
206	164.333
216.667	165
218.333	169.667
230.667	159.333
232.667	147
231	136.333
235	132.667
243	133.333
248	142
257.333	147
264.667	152
252	161.333
235.667	170.667
237	178.667
244	183.333
244.333	194.333
245.333	201.333
244	209.667
240.333	215.333
245	223.667
241.333	238.667
237.667	254
235.333	267
233.333	273.667
230	278
230.333	287.333
226.333	294.667
221	302
215.333	302.667
207.333	298
198	295.667
192.667	289.667
187	273.667
188.333	262
190	250.667
206.333	242.333
211.333	228
217	210.667
209	199.333
205	195.333
194.667	185
188.667	181
185.333	178
183.667	170.667

vaso
X (um)	Y (um)	
135.667	105
131	113.333
132	123.667
143	122.333
150.667	114
148.333	105.667

vaso
X (um)	Y (um)	
149.333	5
152.667	12.667
160.333	16
168.667	15.333
175	8
175	1.667
170	0.667
161	1.333
153	1.333

foto 13
pin 13
X (um)	Y (um)
756.22	542.22

pin 11
X (um)	Y (um)
21.66	231.70

pin 15
X (um)	Y (um)
754.33	19.33

pin 16
X (um)	Y (um)
810.95	438.91

pin 17
X (um)	Y (um)
814.00	141.33

celulas
X (um)	Y (um)	TIPO	PB
232.667	336.333	3	1
205.667	331.667	3	1
137.333	340.667	3	1
148	216	3	1
122.667	264	3	1
152.333	166.667	3	1
224	156.667	3	1
175	60.333	3	1
276	315.667	3	1
120.667	361	3	1
197.667	361	3	1
436	234.333	3	1
369.333	234.333	3	1
421.333	79.667	3	1
251	215.333	3	1
235.333	278.667	3	1
358.667	309.333	1	1
363.667	274.333	1	1
377.667	254.667	1	1
393.667	154	1	1
411.667	202.333	1	1
399.333	94	1	1
225.667	26	1	1
312.333	294	1	1
265.333	124.333	1	1
567	181.333	1	1
600	183.333	1	1
513.667	227.667	1	1
402.333	311	1	1
385.333	336.667	1	1
474.667	352.333	1	1
549.667	292.333	1	1
556.333	253.333	1	1
615.667	211.333	1	1
456.667	48	1	1
565.333	327.667	1	1
535.333	307.333	1	1
501.333	292.333	1	1
390.333	295.667	1	1
812.667	246.667	1	1
841.667	311.667	1	1
745.333	326.667	1	1
649.333	316	1	1
663.333	227	1	1
669	153.667	1	1
824.667	15	1	1
763	268	1	1
844.667	364.667	1	1
616.667	306.333	1	1
785	332.667	1	1
751	312.667	1	1
834	347.333	1	1
829	323.667	1	1
166.333	185.444	3	0.5
349	60.556	3	0.5
240.556	24.889	3	0.5
194	112.333	3	0.3
170.889	285.111	3	0.5
242	302.889	3	0.3
212.222	325.556	3	0.7
298	277.556	3	0.7
304.667	354	3	0.5
330.889	322	3	0.5
164.667	423.778	3	0.5
292.667	429.556	3	0.5
266.444	397.111	3	0.7
312.222	406.889	3	0.3
207.778	464.667	3	0.3
153.111	443.778	3	0.3
171.778	366.444	3	0.7
249.111	334.444	1	1
229.556	290.889	1	1
253.556	275.333	1	1
766.444	441.444	1	1
746.444	437	1	1
804.667	394.333	1	1
720.667	201.222	1	1
749.111	191.889	1	1
744.222	215	1	1
738	122.222	1	1
509.556	139.111	1	1
568.222	110.222	1	1
529.111	217.778	1	1

limite foto
X(um)	Y(um)
109.778	2.222
108.889	471.667
851.333	472.889
850.667	0

limite tejido 

limite lesion

vaso
X (um)	Y (um)
791.667	354.667
598.333	284.333
607.333	256.667
688.667	259.667
638.667	37.333
812.333	106.333
439	189.333
538	218
554.333	175.667
471	319
427	267.333
438.667	290.667
243.667	307.667
271.667	292
157.667	261.333
212.667	45.333
364.333	47.333
154.333	125
166.667	114.333
209	111.333
290	168.333
202	70
197	31
212.333	8.333
350.333	13.333
377	4.333
521.333	83.667
499	16.667
434	152.333

vaso
X (um)	Y (um)	
432	118.333
453	206.333
359.667	196.667
509.667	279
460.333	274.667
461.333	231
446	311.333
499.667	324.667
493.667	186
648.667	194
692.667	131.667

vaso
X (um)	Y (um)	
669.667	58
826.333	131.333
768	200.667
732.667	136
633	101
749.333	80
728.667	239.667
805.667	215.667
828.667	177
847.667	212.333
676.667	285.667
657	304
706.333	283.667
832	287.667
832	277.333
792.333	301.667
664	337
669	328.333
704.333	319
725.667	347
719.667	353.333
719.333	364.667
729	370
741.333	366
743	356.667
738	349.667
542.667	336.333
529.333	338
516.333	347
521	363.333
533	375.667
542	377.333

vaso
X (um)	Y (um)	
554	373.333
560	364
560.333	352.667
553.333	341
468.667	287.667
457.667	287.333
454.667	298.333
459	306.667
466.333	309.333
476	309.333
483	297.667
479.333	290.667
594.667	245
602.667	53
599.667	61
587.667	74.667
583.333	87.333
582.333	107.667
584.333	125
586	138
582.333	143.333
587.333	150
596	143.333
599	133.333
617	135
636.333	130

vaso
X (um)	Y (um)	
647	123.333
651	112.667
637.333	112
629.667	113.333
617	113
610.333	109.333
612	104
607.667	95.333
607.667	83.333
612.667	67.333
619.667	61
620	55.333
614	49
608	49.333
519	35
520.667	46.667
531.667	48
536.667	40.667
529.333	33.333
467.333	24.667
471.667	25.667
477.667	30.333
488.333	28
492.333	21
487.667	15.667
482	14
475.333	13.333
467	11.667
460	16.333
461.667	23
432	39.333
431	51.333
438	58.667
447	54.667
450	45.667
445	37.333

vaso
X (um)	Y (um)	
437.333	37
340.667	102
351.333	98.667
360.667	94.667
369.333	84
380.667	79.333
383.333	69.667
398.333	63.667
410	58.333

vaso
X (um)	Y (um)	
404.333	44.333
418.667	31.333
431.667	27.333
429.667	18.333
421	22.667
407	25.333
409	19
406.667	9
405	3.667
399.333	1.333
393.667	2.333
391.333	7.333
389.667	18
385	27.333
382.667	39.667
384.333	49
382	57
371	66
356.333	73.333
350.333	77.667
340.667	87.333
338.667	95.667
335	157.333
336.667	163
348.333	157.667
363.333	152.667
372	144.667
376	131.667
365.667	124.667
353.667	132.667
347.333	147.667
339	151
324	274.333
335.667	280.333
344	277.333
353	267.667
357.333	270.333
364	268
366	257
355.333	256
340	255.667
327.333	261.667
322.333	269
189.667	166
199.333	166.333
206	164.333

vaso
X (um)	Y (um)	
216.667	165
218.333	169.667
230.667	159.333
232.667	147
231	136.333
235	132.667
243	133.333
248	142
257.333	147
264.667	152
252	161.333
235.667	170.667
237	178.667
244	183.333
244.333	194.333
245.333	201.333
244	209.667
240.333	215.333
245	223.667
241.333	238.667
237.667	254
235.333	267
233.333	273.667
230	278
230.333	287.333
226.333	294.667
221	302
215.333	302.667
207.333	298
198	295.667
192.667	289.667
187	273.667
188.333	262
190	250.667

vaso
X (um)	Y (um)	
206.333	242.333
211.333	228
217	210.667
209	199.333
205	195.333
194.667	185
188.667	181
185.333	178
183.667	170.667
135.667	105
131	113.333
132	123.667
143	122.333

vaso
X (um)	Y (um)	
150.667	114
148.333	105.667
149.333	5
152.667	12.667
160.333	16
168.667	15.333
175	8
175	1.667
170	0.667
161	1.333
153	1.333
116.667	1.333
116	367
323.333	225.667
352	203
309.333	248
300	334.667

vaso
X (um)	Y (um)	
266.333	340.667
291.333	329
332.667	332.667
133.333	318
127.667	306.667
213.667	129.667
318.333	11
225.667	9.333

vaso
X (um)	Y (um)	
140.667	202
282.667	249
293.333	208
141.333	356.333
131	89.333
150.667	82.333
171.333	86.667
227	102.667
256.667	59
343.333	64.667
408.111	201.556
402.778	191.778
408.111	183.333
416.556	184.222
428.111	195.333
439.222	194
445	179.778
444.556	167.333
437.444	163.333
427.222	157.111
421.889	153.556
404.556	157.556
396.556	165.111
389	170
381.889	174.889
375.222	177.111
368.111	189.111
360.556	196.667

vaso
X (um)	Y (um)	
333	231.778
331.222	244.222
339.667	246.889
348.111	250.889
347.667	255.333
337.889	264.222
339.667	277.111
341	283.778
344.111	291.778
357	296.667
365	300.222
352.556	303.778
346.778	307.333
348.556	321.556
358.778	317.556
367.667	316.667
373	306.444
384.111	298
385.889	285.111
376.111	279.333
371.222	278.444
365	275.333
367.667	270.889
373.889	260.222
370.333	251.778
358.778	250
352.111	246.889
352.556	239.778
351.222	233.111
348.111	225.556
340.111	227.333

foto 14
pin 8
X (um)	Y (um)
68.67	199.33

pin 15
X (um)	Y (um)
751.33	315.00

pin 18
X (um)	Y (um)
750.67	314.33

celulas
X (um)	Y (um)	TIPO	PB
664.889	153.222	5	0.3
603.556	196.333	5	0.3
764.444	80.333	5	0.3
747.111	90.556	5	0.5
252	44.889	5	0.7
209.333	47.556	5	0.7
109.333	82.222	5	0.5
133.778	60.444	5	0.3
328.889	82.222	5	0.3
189.333	77.778	5	0.5
247.556	76.444	4	1
255.556	61.778	4	1
176	36	4	1
196.444	9.333	4	1
262.667	25.333	4	1
119.556	37.778	4	1
160.889	7.556	4	1
377.778	124	4	1
356	110.222	4	1
359.556	78.222	4	1
342.667	65.778	4	1
307.111	123.556	4	1
461.778	89.333	4	1
388.889	69.778	4	1
363.111	135.111	4	1
327.111	211.556	4	1
656	104.444	4	1
725.778	157.333	4	1
767.556	165.778	4	1
491.111	97.333	4	1
583.111	112.444	4	1
608.444	99.556	4	1
837.778	70.222	4	1
800.889	116.444	4	1
631.111	101.333	4	1
698.222	96.444	4	1
524	103.556	4	1
810.667	201.778	4	1
168.556	136.444	4	1
165.444	153.333	4	1
262.778	104.444	4	1
153.444	93.778	4	0.3
165.889	57.778	4	0.5
293	189.778	4	0.3
218.333	88.889	4	0.7
154.778	29.778	4	0.7
397	97.778	4	0.5
405.889	81.778	4	0.5
388.778	140.667	4	0.5
561.667	137.556	4	0.5
640.778	158.444	4	0.7
453.222	114	4	0.3
374.556	206.444	4	0.3
354.556	211.333	4	0.3
303	171.778	4	0.7
333.222	163.333	4	0.3
319.889	201.111	4	0.5
464.778	149.111	4	0.3
487	122.889	4	0.3
826.222	127.889	4	0.5
654.222	196.333	4	0.3
698.667	193.667	4	0.5
747.111	243.889	4	0.5
768	97.667	4	0.7
775.111	113.222	3	1
437.889	91.667	3	1
415.222	113.444	3	1
444.111	117	3	1
450.333	140.111	3	1
451.222	177.444	3	1
472.556	192.111	3	1
464.111	243.667	3	1
313	220.111	3	1
291.667	85	3	1
318.778	46.333	3	1
161	206.222	3	1
117.889	217.778	3	1
264.111	160.889	3	1
283.667	122.667	3	1
422.778	147.556	3	1
128.111	125.333	3	1
188.556	91.556	3	1
232.556	98.667	3	1
149.444	244	3	1
161.444	276.889	3	1
428.556	180.444	3	1
415.667	200.444	3	1
481.444	149.778	3	1
457.444	74.667	3	1
107.222	101.333	3	1
229	155.111	3	1
185.444	281.333	3	1
737.333	210.889	3	1
706.667	231.333	3	1
649.333	239.333	3	1
780	246.889	3	1
824.444	202	3	1
831.556	150.889	3	1
742.667	111.778	3	1
840.444	105.556	3	1
823.111	82.889	3	1
798.667	58.444	3	1
656.889	74.444	3	1
564	105.556	3	1
624.444	152.222	3	1
697.333	145.556	3	1
663.556	130.444	3	1
428.556	71.111	3	1
301	45.778	3	1
268.111	37.778	3	1
180.111	235.556	3	0.5
201.889	200	3	0.5
352.556	239.556	3	0.5
316.111	264.444	3	0.5
217.889	256.889	3	0.5
552.333	228.889	3	0.5
543	224.444	3	0.5
507	271.111	3	0.3
512.778	204	3	0.3
522.111	172.889	3	0.5
507	135.556	3	0.5
698.111	251.556	3	0.7
652.778	121.778	3	0.3
604.889	178.667	3	0.3
774.667	153.333	3	0.3
838.667	274.222	1	1
723.556	184.889	1	1
826.667	257.333	1	1
842.222	208.889	1	1
559.556	169.778	1	1
679.556	190.667	1	1
695.556	188	1	1
767.111	200	1	1
768.444	272.667	1	1
797.333	255.778	1	1
539.444	175.222	1	1
568.333	159.667	1	1
463	166.333	1	1
393.222	267.222	1	1
435.444	269.444	1	1
285.222	280.556	1	1
227.444	210.333	1	1
247.444	200.556	1	1
255.889	174.778	1	1
318.556	279.222	1	1
212.556	227.111	1	1
168.111	227.111	1	1
176.556	186.222	1	1
194.778	162.667	1	1
176.111	267.556	1	1
113.444	192	1	1

limite foto
X(um)	Y(um)
100.333	0
103.556	295.667
416	305.333
850.667	288
851.333	5.667
632.444	43.556
540	86.222
469.667	34
353	0
193.333	0

limite tejido
X (um)	Y (um)
850.222	18.222
842.222	18.222
824.889	16.444
813.778	17.778
794.222	22.667
774.222	23.111
752.889	36
742.222	43.556
726.667	49.333
700	44
680	42.667
662.667	37.333
642.667	42.667
632.444	43.556
622.222	47.556
602.222	64
582.222	74.667
564.889	83.556
540	86.222
519.556	69.333
507.111	55.556
497.778	50.667
487.111	45.778
478.222	37.333
469.889	31.556
452.556	32
441	38.222
417	40.444
399.667	31.111
384.111	30.667
374.333	20.889
361.444	4
353	0
329	3.556
313.889	2.222
293	1.778
284.556	0.444
279.111	0.444
271.111	3.556
254.667	7.556
239.111	9.333
225.333	5.778
217.333	2.667
208	2.667
193.333	3.111
176	0.889
160.444	0
143.556	0.889
128.444	1.333
113.333	0.889
 
limite lesion

vaso
X (um)	Y (um)
823.111	55.111
818.222	53.778
811.111	59.111
810.222	68
818.667	72.889
826.667	73.778
832	68.889
833.333	60.889

vaso
X (um)	Y (um)	
797.333	75.111
788	80.889
786.667	93.333
787.111	104.889
790.667	115.111
796.444	112.889
804.889	110.667
810.667	108
816.444	101.333
820.444	95.556
820.889	90.222
817.778	82.667
812	79.556
804	76.444

vaso
X (um)	Y (um)	
789.333	177.333
777.778	181.333
771.556	189.333
774.222	196.444
779.111	203.111
791.556	204
800	199.111
802.667	190.222
798.222	179.556

vaso
X (um)	Y (um)	
716.444	171.111
720	175.556
729.333	179.111
738.667	176.444
745.778	175.111
754.222	168
754.667	157.333
747.111	150.222
739.111	146.667
736	152.889
736.889	163.556
730.667	164.444
721.333	162.667
716.889	162.222

vaso
X (um)	Y (um)	
594.222	111.111
599.111	111.111
606.222	114.222
608	122.667
607.111	132.444
605.333	138.222
603.556	149.333
596.889	155.556
584.444	157.333
578.667	152
576	145.778
580	136.889
587.556	136.444
581.778	132.444
576.889	128.889
576.889	123.111
582.667	122.222
588.889	117.333

vaso
X (um)	Y (um)	
571.111	243.556
585.333	240.889
596.444	248.444
601.333	262.667
592	279.556
571.111	285.778
561.333	277.333
556.889	267.556
562.222	252

vaso
X (um)	Y (um)	
769.333	228
769.333	237.778
779.556	240
792.889	240.889
809.778	244.444
811.556	237.333
814.222	226.222
813.333	214.667
802.667	208.889
796	206.667
791.111	211.556
788.889	220.889
780.889	220.444
773.778	222.222

vaso
X (um)	Y (um)	
680	68.444
677.778	73.778
685.778	76
694.222	80
706.222	76.444
712.444	69.778
703.111	65.333
691.556	65.333

vaso
X (um)	Y (um)	
655.556	209.333
646.222	206.222
631.556	206.222
620.444	215.111
618.222	225.778
608	233.333
608	243.111
620	249.778
627.111	242.667
629.333	237.333
629.778	232.444
641.333	232.889
652.444	224.444
650.667	216

vaso
X (um)	Y (um)	
460.333	286.111
464.778	291.444
471.889	290.556
483	290.111
491.444	291
495.889	283.444
499.889	273.667
502.556	263
506.556	243.889
504.333	228.778
506.556	218.111
506.111	207
501.222	198.111
508.333	189.222
514.556	183
516.778	172.333
517.667	164.333
514.556	155.444
508.778	148.778
504.333	142.111
499.444	137.667
494.556	138.556
491	144.778
488.778	152.778
484.778	163
481.667	171
475	178.556
484.333	186.556
491.444	191.889
483	191.444
480.333	205.222
476.778	219.889
470.111	242.111
466.556	263
459.889	272.333

vaso
X (um)	Y (um)	
347.889	288.333
348.333	293.222
356.333	293.667
363.444	292.333
368.778	287
370.111	280.333
372.778	272.778
381.667	267.444
386.111	262.556
384.333	251.444
377.222	253.667
370.111	265.667
361.667	270.556
352.778	279.444

vaso
X (um)	Y (um)	
428.778	208.333
427.444	215
427.444	235
438.111	242.111
446.556	234.556
446.111	220.778
451.889	211.444
463.889	206.556
460.333	197.222
448.778	192.778
437.667	200.333

vaso
X (um)	Y (um)	
284.889	129.778
285.333	139.556
280.444	147.556
266.667	152
250.667	146.222
242.667	129.778
233.333	131.111
216	121.333
218.667	112
230.222	107.556
245.333	104
255.111	108.444
256.889	116.889
271.111	117.778

vaso
X (um)	Y (um)	
292.889	16.444
287.111	20
283.111	28.889
280.889	41.778
276.889	54.667
270.667	63.556
266.667	71.556
272.444	78.667
284.444	75.111
291.111	61.333
289.778	68
293.333	77.778
301.333	84.889
315.556	80
319.111	64.444
308.444	56.889
297.333	53.778
293.778	41.333
303.556	34.667
307.556	26.667
304.444	17.333

foto 15
pin 17
X (um)	Y (um)
162.00	428.67

pin 18
X (um)	Y (um)
103.00	307.33

pin 19
X (um)	Y (um)
247.78	636.00

pin 20
X (um)	Y (um)
830.44	55.11

celulas
X (um)	Y (um)	TIPO	PB
255.556	108.111	3	1
273.333	83.667	3	1
297.778	68.556	3	1
427.556	66.778	3	1
365.778	70.333	3	1
365.333	98.333	3	1
303.111	103.222	3	1
363.556	121.889	3	1
455.111	89.444	3	1
391.556	122.778	3	1
603.333	112.889	3	1
575.778	120.889	3	1
457.333	117.333	3	1
527	42	3	1
543	27.667	3	1
506	44.667	3	1
448.333	124	3	1
477.667	113	3	1
518.333	77.667	3	1
508.667	79	3	1
494.333	73	3	1
439.333	90.333	3	1
399.333	95.667	3	1
334.667	102.333	3	1
273.333	107	3	1
288.667	105	3	1
227	62	3	1
217.333	102.667	3	1
430.333	156	3	1
428.667	132.667	3	1
697	56	3	1
725.333	64	3	1
742.667	70.667	3	1
743.333	91.667	3	1
778	86.667	3	1
678.333	79.333	3	1
640.667	29	3	1
606.667	7.333	3	1
583.667	26	3	1
676.333	146.667	3	1
763	112	3	1
759	56.667	3	1
761	63	3	1
775	40.333	3	1
749.667	20.667	3	1
767	24.333	3	1
803	51	3	1
821	39.333	3	1
839.333	71	3	1
814.333	119.333	3	1
790	150.333	3	1
823.667	153.667	3	1
736	129.667	3	1
591.667	205.667	3	1
798	99.333	3	1
787	66.667	3	1
396.667	168	3	0.3
384.333	194.667	3	0.3
329	197.667	3	0.5
315.667	183	3	0.5
303	169.667	3	0.5
260	187	3	0.5
251.333	153	3	0.5
228.333	160.667	3	0.5
252.667	137.333	3	0.5
368.333	257.333	3	0.5
479.333	237.667	3	0.5
474.667	165	3	0.7
491.333	132.333	3	0.3
457.333	144.333	3	0.3
305.667	138.333	3	0.7
323.333	124.333	3	0.3
334.333	125.333	3	0.3
415	83	3	0.3
292.667	82.333	3	0.3
324.333	95.667	3	0.3
278.667	214.667	3	0.3
278	235.667	3	0.5
279.667	272.667	3	0.5
223.333	277.333	3	0.7
219.667	252.333	3	0.3
248	195	3	0.7
218	335.667	3	0.3
230.667	307.667	3	0.7
250.333	373.667	3	0.5
455.667	256.667	3	0.5
490.667	330	3	0.5
424.667	216.667	3	0.3
339.667	239.333	3	0.3
322.333	208	3	0.3
363	206	3	0.3
352	212.333	3	0.3
773.667	181.667	3	0.5
747	180	3	0.5
768	198	3	0.5
683.667	223.667	3	0.5
652.333	229.333	3	0.5
610.333	142	3	0.3
600.333	139	3	0.5
562.333	157.667	3	0.5
550	150.667	3	0.5
650.667	75.333	3	0.5
586	84	3	0.3
586.333	49.333	3	0.5
573	36.667	3	0.5
698.667	110.333	3	0.7
668.667	65.667	3	0.3
775	238.333	3	0.3
708.667	259	3	0.5
566	248	3	0.7
820	210.667	3	0.3
282.667	122.667	3	0.3
239.333	111.667	3	0.3
245	294.667	1	1
385.667	344	1	1
315	490.667	1	1
387	373.667	1	1
412.667	224.667	1	1
309.667	245.667	1	1
241	227.667	1	1
510.667	262.667	1	1
660.667	422.667	1	1
599.667	295.333	1	1
601.667	233	1	1
627.667	239.333	1	1
654	350.333	1	1
585.667	434.667	1	1
532	435.333	1	1
419.333	423	1	1
659.667	307.667	1	1
649.667	292	1	1
633.333	197.333	1	1
552	181.667	1	1
533	188.667	1	1
656	144.333	1	1
610.667	80.333	1	1
600	72.333	1	1
567.667	80.667	1	1
521	55	1	1
537.667	97	1	1
555.667	61	1	1
624.333	15	1	1
848.333	117.333	1	1
834.333	195.667	1	1
832	317	1	1
843	297.333	1	1
843.667	280.667	1	1
722.667	230	1	1
806	354.667	1	1
810	340	1	1
626	444	1	1
689.667	580.667	1	1
772	506	1	1
829.667	86	1	1
707.333	153.333	1	1
695.667	129.333	1	1
706	92.333	1	1
659.333	105.333	1	1
652.667	91	1	1
648.667	105.667	1	1
835	387.667	1	1
302	245	1	1
208	8.667	1	1
218.667	5.333	1	1
228.333	7.333	1	1
242.333	13	1	1
255.667	19.333	1	1
264	37.333	1	1
277.333	49.333	1	1
294.667	60	1	1
325.667	70.333	1	1
345	73	1	1
368	62	1	1
381	57.333	1	1
392	52.667	1	1
400.667	45.667	1	1
414.667	43	1	1
432	42.333	1	1
448	40	1	1
459.333	38	1	1
478.333	36	1	1
493.667	29	1	1
502	24	1	1
521	16.667	1	1
528.667	13	1	1
544	10	1	1
552	2.667	1	1
558.667	2	1	1
568.667	2.667	1	1
579	1.667	1	1
594.667	4	1	1
612.667	2	1	1
627.667	1	1	1
643.333	1.333	1	1
663	2.667	1	1
682.333	1.333	1	1
695.667	2.667	1	1
709.333	3	1	1
717.667	4	1	1
732.667	8	1	1
743.333	12.667	1	1
751.667	10.667	1	1
775.667	12.333	1	1
786.667	10	1	1
793	11	1	1
807.667	17.667	1	1
824	17	1	1
843	22	1	1
852	23.333	1	1
720	380.667	1	1
572	589	1	1
842.333	546.667	1	1
492	605.333	1	1
516.667	607.667	1	1
576.667	610.667	1	1
449.667	548.667	1	1
623.333	598	1	1
613.667	600	1	1
238.333	497.333	1	1
303	558.333	1	1
408.333	555.333	1	1
380.667	604.333	1	1

limite foto
X(um)	Y(um)
208	8.667
211	638
849.333	637.333
852	23.333
852	23.333
717.667	4
643.333	1.333
552	2.667
502	26.667
458	38
400.667	45.667
324.333	70.333
227	7.333

limite tejido 
X (um)	Y (um)
302	245
208	8.667
218.667	5.333
228.333	7.333
242.333	13
255.667	19.333
264	37.333
277.333	49.333
294.667	60
325.667	70.333
345	73
368	62
381	57.333
392	52.667
400.667	45.667
414.667	43
432	42.333
448	40
459.333	38
478.333	36
493.667	29
502	24
521	16.667
528.667	13
544	10
552	2.667
558.667	2
568.667	2.667
579	1.667
594.667	4
612.667	2
627.667	1
643.333	1.333
663	2.667
682.333	1.333
695.667	2.667
709.333	3
717.667	4
732.667	8
743.333	12.667
751.667	10.667
775.667	12.333
786.667	10
793	11
807.667	17.667
824	17
843	22
852	23.333

limite lesion

vaso
X (um)	Y (um)
849.667	345
844.333	353.333
838.333	357
832.667	365.333
829.333	368.333
817.333	382.667
808	380.667
794.667	385.667
796.333	396.333
806.333	394
811.333	392.333
813.667	396
820	398.333
831.667	391.333
834	383
838	375.333
847	371
849.667	367
849	385.667
840.667	395.667
837.333	406
831.667	414.667
826	434.333
823.333	450.333
835	449
845	438
851	417
852.333	403.333
852	393
853	366.333
852	356.667

vaso
X (um)	Y (um)	
796.333	248.667
785.333	251
778.667	266
776.333	279.333
780.333	286.667
787	298.333
797	293
804.333	285.333
807.333	270
803.667	258

vaso
X (um)	Y (um)	
795	314.333
796.667	324
805	328
810.333	321.667
805.667	311.667

vaso
X (um)	Y (um)	
719	309
727	316.333
735.667	318
756.333	317.667
772.667	305.667
772	293.667
772.667	256.667
764.667	247.333
747	251.333
739.333	261.333
729	275.333
733	287.667
727	293
721.333	298.333

vaso
X (um)	Y (um)	
753	328.333
738	147.333
729.667	154.333
732.333	169.333
736	176
743.333	176
754	176.667
760.333	171.333
759	156.333
753	147.333

vaso
X (um)	Y (um)	
707	163
706	172
708.333	182
715.667	188.667
723	186
727.667	171.333
724.333	163
713.667	158.333
587	224.667
592	225
605	226.333
613.333	214
610.333	203.667
617	203.333

vaso
X (um)	Y (um)	
626.333	201.333
631.333	189.667
635	171.667
634.667	164
638.333	156.333
647.667	147.667
641	141.667
647.333	135.667
651	130.333
650	125.333
646.667	111.333
644.667	97
646.333	81.333
646.667	69
643.333	54
639.667	42.667
634	32
626.333	31
614	34.333
605.667	44.667
603.333	52.667
609.667	64
615	70.333
624	83.333
622.667	95.333
628.333	120.333
624.333	140.667
618.667	148.667
602.333	155.667
590.667	167.333
585.333	175.667
589	193.667
602	200.667

vaso
X (um)	Y (um)	
633.333	254.333
623.333	255.333
606.667	265.333
606	283.667
618	294
628.667	294
640	289.667
649.667	281.667
647.667	267.667
642.667	258.667

vaso
X (um)	Y (um)	
648.333	357.667
639	364
628.667	365
627.333	375.667
632.333	380
628	399.667
621.667	405
616.333	403.667
610.333	414.667
604.333	411.333
597	416
589.667	420.667
594	427
595	431.667
599.667	447
606.333	448
615.667	443.667
628.667	434
638.333	420.667
645	407
651	392.667
660.667	385.333
671	383
673.333	374.333
667.667	368.667
657.333	367.333
658	360

vaso
X (um)	Y (um)	
607	477.667
594.333	477.333
580.333	476
575	472
576	467
579.667	456.333
575.333	444.667
562.667	443
553.333	447.333
543.667	448.333
533	452.667
534	464
541	464.333
551.667	465
561.333	468.667
568.667	472.333
563	475.667
561	485.333
566	495.667
571.667	506.667
585	507.667
592	503.667
599	494

vaso
X (um)	Y (um)	
605	486.667
517.667	560.333
527.667	558.333
542	555.333
551	544.667
561	533
563.667	524
550.333	524
543.667	528.333
530.667	534.667
525.333	545.333
523.333	550.667
519	554.667

vaso
X (um)	Y (um)	
514.333	440.667
520.333	435
527.333	421
531.333	407.333
533	391.667
533.333	375
529	362.333
515.333	357.333
506	367.667
508.333	379.667
502.667	379.333
496.667	377
485.667	373.667
468.667	379
459	390
460	404.667
464	418.667
479.333	424.667
489.333	423
498.667	423.333
504	433.333

vaso
X (um)	Y (um)	
562.333	309.667
574.667	311
585.667	303
584.333	292.667
577	285.667
567.667	285.667
557.333	284.333
549.667	277.333
533.667	282
528.667	295.667
531.667	308.667
544.333	310.667
556	312.667

vaso
X (um)	Y (um)	
462.667	270.333
460.333	282.333
470	289.667
482	286
481.333	277.333
477.667	265.667

vaso
X (um)	Y (um)	
516.667	186.333
509.667	186.667
504	206
506.333	219.333
515.667	226.667
521.333	245.667
540	257.667
551.667	252.667
557	240.333
558.667	229
553	220
544	211
535.667	203.667
531.667	196
525.667	191.667

vaso
X (um)	Y (um)	
447.667	162
434.333	164
424.667	174
428.667	187.333
434.667	197.667
436.333	212.667
441	224
453.667	232.667
469.667	230.333
476.667	216.667
482	205.667
479	197.333
473	191
474	180.667
466.333	170.667
458	167
453.667	163

vaso
X (um)	Y (um)	
409.667	250
410.333	258.667
418.667	268.333
430.333	263.333
431.667	252
420.667	242.667
411	238.333
404.667	238
403.667	249.667

vaso
X (um)	Y (um)	
349.333	146.667
340	152.667
331.667	166.333
334.667	177.667
352.667	181
368.667	191.333
387.333	183.667
386.333	171.333
371.667	166.333
366.333	160.333
361	155.667
355.333	150

vaso
X (um)	Y (um)	
211	132.333
224	137.333
227.333	151.667
221	161.667
212.667	165
207.333	161
206.667	152.667
206.667	141.667

vaso
X (um)	Y (um)	
224	410.667
219.667	425
228	442.667
237.333	440
253.333	431
264.333	417.333
273.667	403.667
272	391.667
259.333	386.667
243.667	389.333
233.333	397.333
226	403.333

vaso
X (um)	Y (um)	
351.667	421.667
342.333	422
338.333	437.333
330.667	445
326	458.333
333	472.333
351	471
361.667	465.667
366.667	460.333
364	479.333
364.333	493.667
383.333	485.667
385.667	470
384	458
388	441.667
389	435.667
387.667	429
376	433
365	440.333
360	448
354.667	450
359.667	439.333
361	430
360.333	424.667

vaso
X (um)	Y (um)	
293.333	440.667
278	448.333
280.333	464.333
296.333	466.667
307.333	456.667
307	444

vaso
X (um)	Y (um)	
389.667	260.667
393.333	271.667
388.333	285.667
371.333	286
366.333	276
371	263.667
378.333	256.667

vaso
X (um)	Y (um)	
450.667	423.667
442	431
439.667	450
444.333	447.333
451	438.333
457.667	439.667
460	452.333
457	467
457	473
449.333	480
432.667	490.333
437.333	500.667
448.333	496.667
449.333	491.333
457	491.667
452.667	493.333
450.667	507.333
455.667	517
455.333	529.333
466.667	528.667
469	518
467.333	510.333
469.667	503
469.333	495.667
466.333	487
474.333	483.667
479.333	470.667
488	470.667
491	463
500.333	451.667
499	440.333
493.333	438.667
480	433
468.333	430.333
459.667	428
456	424

foto 16
pin14
X (um)	Y (um)
139.22	185.33

pin 19
X (um)	Y (um)
255.33	17.33

pin 16
X (um)	Y (um)
169.33	108.00

pin 21
X (um)	Y (um)
806.00	246.11

celulas
X (um)	Y (um)	TIPO	PB
225.667	498	4	0.5
227	534.333	4	0.5
366.333	509	3	1
270	366	3	1
300.333	303	3	1
343.333	191.667	3	1
334.333	465.667	3	1
305.333	506.333	3	1
255.333	470	3	1
300.333	430.667	4	0.5
266	407	4	0.3
318	317.333	4	0.5
428.667	545.333	4	0.5
515.667	513.667	4	0.5
320.333	366.333	3	1
362.667	310.333	3	1
432.667	356.667	3	1
503	334.333	3	1
357.333	230	3	1
400.667	216.667	3	1
375	372.333	3	1
332.333	410	3	1
346.333	455	3	1
481.333	399	3	1
396.333	522.667	3	1
513.333	550	3	1
456.667	506.333	3	1
492.333	447	3	1
474.667	46.667	3	1
404.667	339	3	1
273.333	328.667	3	1
299.667	236.667	3	1
246.333	158	3	1
223.667	350.667	3	1
235.667	309.667	3	1
414.333	290.333	3	1
452	386.667	3	1
432	394	3	1
550	375.333	3	1
568.333	461	3	1
385	475.667	3	1
360.333	467	3	1
616	414.333	3	0.3
649.667	175.667	3	0.3
646.333	454.333	3	0.5
603	478	3	0.5
693.333	501	3	0.5
705	537.667	3	0.5
719.333	555.333	3	0.5
757.667	477.667	3	0.7
714.333	408.333	3	0.7
556.667	527.333	3	0.7
819.333	461.333	3	0.3
838	463.667	3	0.3
767.333	342.333	3	0.3
793	306	3	0.3
755	258	3	0.5
830	567.333	3	0.3
687.333	558.667	3	0.5
668.667	535	3	0.3
648	472.667	3	0.5
692.667	474.333	3	0.5
590.667	431.667	3	0.5
726.667	50.333	1	1
623.333	6	1	1
644.667	28.333	1	1
637	128	1	1
818.667	162	1	1
829.333	272	1	1
695.333	306	1	1
650.333	320	1	1
610	271	1	1
613.333	258	1	1
605	353	1	1
774.667	427.667	1	1
766.333	456	1	1
830.333	497.333	1	1
812.667	525	1	1
743.333	514	1	1
611	557.667	1	1
560	492	1	1
835	535.667	1	1
762.667	178.333	1	1
812	41.333	1	1
582	560.667	3	0.3
651.333	501.667	3	0.3
666.667	509.333	3	0.5
620.667	515.333	3	0.5
593.667	501.667	3	0.5
614.333	488.333	3	0.5
810	535.333	3	0.5
785	550.667	3	0.3
737	574	3	0.3
797.333	571.333	3	0.7
777	584.667	3	0.7
763.333	602.667	3	0.3
554	542	3	0.5
498	411.667	3	0.7
537.333	497	1	1
529	465	1	1
515.667	479.667	1	1
602.333	581.667	1	1
670.333	564.333	1	1
695.667	570	1	1
676.333	587.333	1	1
498.333	365	1	1
522	374.667	1	1
513.333	271.667	1	1
529.333	302	1	1
508.333	239	1	1
472	115.667	1	1
550.333	28	1	1
434.333	178	1	1
433.667	53.667	1	1
225	21.667	1	1
320	10.667	1	1
388.667	22.667	1	1
356.667	507.333	3	1
426.667	468	3	1
445	441.667	3	1
423.333	405.667	3	1
379.333	390.667	3	1
302.667	404	3	1
238.667	384.667	3	1
210	387	3	1
218.333	419	3	1
253	448	3	1
258.333	417	3	1
668	448.667	1	1
730.333	411	1	1
620	405.667	1	1
588.667	381	1	1
721	308.333	1	1
619	330.333	1	1
579	255.333	1	1
629.667	214	1	1
764	210.333	1	1
741.333	236.333	1	1

limite foto
X(um)	Y(um)
208	0
204	544
394.667	546.667
564	584
763.333	602.667
853	596
850.667	0

limite tejido 

limite lesion

vaso
X (um)	Y (um)
302	465
304.333	474.667
315.667	474.667
325.667	467.667
331	453.667
339.333	446.667
351	442.333
365.667	437.667
382.667	433.333
391.667	433
395.333	426.333
398	417
394.333	410
384.667	404.333
369.667	397.333
357.667	399.667
350.667	407.667
340.333	412
325	419
314.667	425.667
311.333	433.667
300.667	440.333
288.333	442
283.667	454.333
290	459.667
297	464.667
301.667	458
310.667	460.667
310	470.667

vaso
X (um)	Y (um)	
451	420.333
458.333	417.667
469	415.667
478	421
485.667	433
487.333	457
478	480
464	490
449	490
444.333	478
454.333	465.333
459	451.333
455.333	441
455.667	429.333
449	431.333
442.667	426.333

vaso
X (um)	Y (um)	
347	369
350.667	380
360	384
362.667	378.333
362.333	370.333
356.333	367.333

vaso
X (um)	Y (um)	
304.667	218.667
307.667	231
321.333	225.667
331.667	223
348.667	219.667
363	217
375.333	214.333
392	212.667
406.333	211.667
418.667	216.667
437	208.667
434	198
422	193.333
406.333	188
388	187
371	194.333
358.333	199.333
343.333	200
333.333	205.333
325	210
319	212
311	214.333

vaso
X (um)	Y (um)	
263.333	143
274	133
277.667	124.667
288	112
301	96.667
314	91
327.333	71
341.333	64
343.667	52
363	43.667
365.333	32
377	27
381.333	36.667
376.333	42
365.333	58
363	69.667
349.667	69
341.667	80.333
354	86.667
364.667	91
393.667	96
408	95
416.667	102.333
398.333	110
376.667	112
361.333	113
346.333	111.667
336.333	107
327	104
316.667	109
307	116
300.333	130.333
311	140
306.667	147.333
296	147.333
293.333	140.667
286	146.333
280.667	152.333
282.667	168.333
276.667	180
266	176.333
263.667	168.333
269	158.333
261.333	150.333

vaso
X (um)	Y (um)	
490.667	162.333
504	170.667
519	177.667
537.667	177
558	173
569.667	149.333
566.667	132
561.333	116.667
570.667	103.333
584.667	87.333
586	72.667
573.667	74.667
566	85.667
563.667	77.333
565	68.333
568	59.333
555	61.667
554.333	65.333
546.667	60.333
539.333	51.667
528	50.667
526.667	62.667
535	71.333
539	79
539.667	90.333
536.333	102
529.667	114
520	118
511	126.333
501	136.333
498.333	145
493.667	155

vaso
X (um)	Y (um)	
484.667	188
487.333	192.667
494	203
495.333	216
511.667	223
525.667	221.333
539.667	226.333
542	237.667
535.667	248.667
531.667	266.333
531.333	290.333
539.333	283.333
547.667	274.667
550.667	262
549.667	251.667
552.667	235.667
561.333	223
560.667	204
549.333	199.667
535	199.667
523.333	196
506.667	190
499.333	179
485.667	180.667

vaso
X (um)	Y (um)	
596	562.333
590.333	556.333
589	545
586.667	535.667
583.333	530.333
588.667	524.667
605	518.667
614.333	514.667
618	523.667
610	526.667
597.333	531.667
600.333	546.333
607.333	549
623.667	539
634	542.667
627	553
618	554.667
606.333	558
601	562.333

vaso
X (um)	Y (um)	
701.333	134.333
707	120.667
715.667	113.333
731.667	95.667
745	84.667
753	97.333
746	103
747.667	110.667
755.667	107
769.667	99.333
784	102
769.667	112.333
769.667	117.667
779.333	118
793	112
807.667	105.667
810.333	118
795.667	127.333
785.333	128
771	126.667
754.333	120.333
740	114.667
725	126
713	137.333
717.333	147
733.333	142.667
736	167.667
745	165
760.667	164.333
758	177.667
752.667	187.667
739.333	186
739	199.333
726	205.667
720	199
720	189.667
731	182
722	179.333
719.667	169.667
712	157.333
708.333	150.667

vaso
X (um)	Y (um)	
823	305
815.667	310.333
797.667	315.333
787.333	317.333
786	308.667
775.333	309
764.333	320.667
763.333	332.667
780.333	336
789	332
802.333	329.333
820.667	328.667
830.667	319
832.333	306

vaso
X (um)	Y (um)	
770	366.667
769	384
763	392.333
770.333	388.333
778.667	384
793.333	379.667
808.333	370.333
829.333	361.667
833.333	346.333
823.667	345
801.333	351.333
789.667	353.333
773	359.333

vaso
X (um)	Y (um)	
818.333	440.667
806.333	440.667
796.667	428.333
791	410
802.333	403
819.667	417.667
826	407
843.667	395
849	406
851	422.667
842.667	428
829.333	432.667

vaso
X (um)	Y (um)	
780.667	480.333
786.333	480
795.333	476
798.333	482.667
808.333	495
820	508
808.333	520.333
800.333	521.667
790	519.333
772.333	519
757.667	517.667
747.667	511.667
736	512.333
736.667	500.667
741	494
735.333	491
727	480.667
729.333	470.667
741.667	470.667
747	478
751.667	486.667
753.667	492
756	499.333
767	498.333
776.333	493.333
775.333	484.667

foto 17
pin 21
X (um)	Y (um)
68.44	234.44

pin 22
X (um)	Y (um)
336.67	15.33

celulas
X (um)	Y (um)	TIPO	PB
288.889	473.111	4	1
258.667	435.778	4	1
301.333	331.333	4	1
149.778	543.333	4	1
469.778	388.222	4	1
512	381.333	4	1
372	518	4	1
355	552	4	1
741.667	353.667	4	1
762.333	41	4	1
705	382	4	1
508.333	478.333	4	1
504	627.333	4	1
573.667	611.667	4	1
615.667	502	4	1
681.333	437.667	3	1
689.333	457.333	3	1
521.333	577.667	3	1
583	367	3	1
638	399	3	1
692	392	3	1
759	310	3	1
567.333	244.667	3	1
763.333	215.667	3	1
748	136	3	1
732	168.333	3	1
598	167.667	3	1
575.667	153.667	3	1
502.667	39	3	1
502.667	457.667	3	1
514.333	412.667	3	1
612.667	451.333	3	1
554	554	3	1
515.667	558.333	3	1
443	540.333	3	1
447.333	562.667	3	1
381.333	618.333	3	1
345.667	594.667	3	1
318.333	619.667	3	1
306.333	597.667	3	1
302	560.333	3	1
268.333	509.667	3	1
247.333	489.667	3	1
240.333	612.333	3	1
183	473.333	3	1
350.333	437.667	3	1
137	591	3	1
230	563.333	3	1
125.333	545	3	1
211	423.333	3	1
346	263	3	1
208	580	3	0.3
198	573.333	3	0.3
181.333	524.667	3	0.3
199	462.333	3	0.5
195.667	484.667	3	0.5
140	609.667	3	0.3
167.333	582.333	3	0.3
388	542.333	3	0.5
329.333	452	3	0.5
326	391.667	3	0.5
278.667	350.333	3	0.5
303.333	247	3	0.5
170.333	57.333	3	0.5
161.333	124.333	3	0.7
145.667	141	3	0.3
133.667	105.333	3	0.7
281.667	184.667	3	0.3
327.333	248.333	3	0.7
391	230.667	3	0.7
396.667	250.667	3	0.7
502.667	444.667	3	0.3
542.333	431.667	3	0.5
475.333	441.667	3	0.5
453	491	3	0.5
435.333	495.333	3	0.5
469.667	520.333	3	0.3
476.667	573	3	0.3
463	566	3	0.3
277.333	594	3	0.3
264.667	584	3	0.5
262	568.333	3	0.5
356	487.333	3	0.5
451.333	462	3	0.7
504.333	486.333	3	0.7
576.333	401	3	0.3
517.333	522.333	3	0.5
586.333	508.667	3	0.5
580.333	523	3	0.5
649.667	349	3	0.5
605.333	233.667	3	0.3
644.333	265.333	3	0.3
649	246.333	3	0.5
471.333	43.667	3	0.5
607.333	8.333	3	0.5
652.333	304.667	1	1
684	227	1	1
571.333	328.667	1	1
675.667	319.667	1	1
539.333	496.333	1	1
589.333	569.667	1	1
508.667	607.333	1	1
408	609	1	1
403.667	567	1	1
465.333	442.333	1	1
415.333	449.333	1	1
390.667	442	1	1
285	525.667	1	1
275.333	526.667	1	1
424.333	404.667	1	1
419.667	391.333	1	1
379.667	288.333	1	1
383.333	258.667	1	1
358	137.667	1	1
399	99	1	1
475.667	79.333	1	1
376.667	229.333	1	1
385.667	202.667	1	1
272	280.333	1	1
297	286	1	1
219.667	228.667	1	1
146.667	246.333	1	1
174	237	1	1
181.333	392.667	1	1
190.333	415	1	1
173.333	333.667	1	1
292	416.667	1	1
224.333	506.667	1	1
137	509.667	1	1
163	458.667	1	1
149	451.333	1	1
193	603	1	1
233.667	599.333	1	1
329.667	503	1	1
345	462.667	1	1
691	102.667	1	1
692	80.667	1	1
746	71.333	1	1
762.333	103.667	1	1
733.333	124.333	1	1
668.333	159.333	1	1
690	167.333	1	1
734.667	186.667	1	1
768.667	191	1	1
612	279.667	1	1
624.333	239.333	1	1
704	293.667	1	1
712.333	301	1	1
682.333	133.667	1	1
790.667	62.333	1	1
799	45.667	1	1
748.667	16.667	1	1
792.667	88.333	1	1
348	72	1	1
302	104.333	1	1
217.333	111	1	1
234	99	1	1
210	177.333	1	1
147.333	55	1	1
160.667	89.333	1	1
189.667	58.667	1	1
172.667	156	1	1
180.667	199	1	1
276.667	80.667	1	1

limite foto
X(um)	Y(um)
118	4.333
116.333	638.667
572	637.667
844	241.333
846.667	1.333

limite tejido 

limite lesion

vaso
X (um)	Y (um)
248.333	46.333
251	33.667
262	19
281.333	8.333
290.333	10
281.667	26.667
275.667	32.333
288.333	30.667
299.333	19.333
311.333	18.333
321.333	26.667
313	39
297.333	43
285.667	47
272.333	44.333
261	49.333
249.667	53.333

vaso
X (um)	Y (um)	
174	98
178	102
188	101.333
188.667	95.667
189.667	89.667
182	87
177.667	88

vaso
X (um)	Y (um)	
320.333	106.333
312	121.667
314.333	128
321.333	138.667
327	133.667
325.333	125.333
327.333	114

vaso
X (um)	Y (um)	
141.667	110
137.667	121.667
149.667	128.667
159.333	117.333
156.333	102.333

vaso
X (um)	Y (um)	
143.333	228.667
145	212.667
157.333	207
170	208.667
168	219.333
165	230
155	231

vaso
X (um)	Y (um)	
179	344.667
180	356.333
189.333	356.333
201	360.667
213.667	353.333
222.333	353
236	353
246.667	339.667
252.667	327.333
250.667	315.333
240	323
225.667	330
217.667	334.333
204.333	337.333
188	342.333

vaso
X (um)	Y (um)	
290	354
284.333	363.667
289	376.333
304.333	381.667
313	375.667
316	359.667
307	350

vaso
X (um)	Y (um)	
359.667	365
363.333	355.333
365.333	343.333
373.667	323
375.333	315.333
371.333	315
361	312
365.333	304
378	296.333
384.333	295
386.667	299.667
380.667	305.667
386	311
384.333	322.333
382.333	334.333
378.667	344.667
376.667	356.333
369.667	375
356.667	375.333

vaso
X (um)	Y (um)	
512.333	261.333
496.667	272.333
495.667	286
483	289
489.333	300.667
496.667	302.667
502.667	305
506	299
502.667	293
506.333	285.667
517.333	272.333
523.667	265

vaso
X (um)	Y (um)	
516	551
514	604.333
410	128
401.667	133.333
392	135
383.667	146
387.667	149.667
393.667	154.667
392.667	162.333
396.667	171
394	182.333
391.333	188.667
395	200
396	209
402.333	217.667
415	213
412.333	200.333
419.333	194.333
423.667	182.667
419.667	173.333
411.333	168
407	161.667
408.333	151.333
418.667	147.333
422.333	135.667
417	130

vaso
X (um)	Y (um)	
450.333	198.333
457	191.667
463.333	180
471.667	175.667
477.333	175
486	162
494.333	154.667
505	152.667
495.333	166.667
490.667	176
490	183.667
497.667	183
507.333	182.333
507	192.667
502.667	195.667
493	196.333
478	199
469	198.667
461.667	209
452.667	210

vaso
X (um)	Y (um)	
438.667	176
447.667	161.333
448.667	142.667
459.333	134.333
470.333	138.333
462.667	144.333
458	155.667
457.333	169.333
451.333	173.667
444.333	181.667

vaso
X (um)	Y (um)	
406.333	87.667
417.667	85.333
420.333	76.333
415	69
415.333	59.667
426	54
425.333	61.333
431.667	71
439.333	65.333
441.667	54
445.333	50.667
452	44.333
461.667	40
468.667	35.333
476.667	32
487.667	31.333
502.333	31.333
512.333	24.333
507.333	18
506.333	8.333
505.333	1.667
501.667	1
496	1.667
492.667	8
496	20.667
490.667	20.333
484.333	14
472.333	11.667
462.667	18.333
452.667	27.667
450	17.667
447.667	5.667
435.333	3.333
431.667	16
436	24
431	27.333
411.333	39.333
403	41.333
395.333	50.667
396.667	62
403.333	65.667
415.667	55
425.333	46
436.333	41.667
433.333	50.667

vaso
X (um)	Y (um)	
514.667	147
515.333	139.333
512.667	132.333
500.333	138.667
489.667	135
478.667	133.333
478	144.667
485.667	146.667
493.667	149.667
506.333	148.333

vaso
X (um)	Y (um)	
578.333	219.333
575	228.667
581	239
593.667	238.333
599.667	228
593.333	223.667
588	219.667

vaso
X (um)	Y (um)	
680.667	210
678.667	220
687.667	220.667
700	219
708.333	209.333
717	203.333
717	195.333
714.667	189.667
705	188.333
696.333	193
686.667	203.333

vaso
X (um)	Y (um)	
591	53.667
583.667	64.667
577	84
578	98.667
591	101.667
608.333	92
616.333	77.333
618	62.667
616.333	49
605.333	45.667

vaso
X (um)	Y (um)	
567.667	15.667
555.333	14.333
545	21.667
542.333	32.667
534.333	44.667
525	56.667
520.667	66.667
534	64.667
546.333	59.667
552.667	48.333
561.333	40.667
569	29
570.667	19.667

foto 19
pin 20
X (um)	Y (um)
93.33	30.67

pin 22
X (um)	Y (um)
328.67	623.33

celulas
X (um)	Y (um)	TIPO	PB
139	50.667	5	0.3
117.667	47	5	0.5
189.333	57.667	5	0.5
223.667	41	5	0.3
332.667	67.667	5	0.7
310.667	102	5	0.7
183.667	79.333	5	0.3
299	67.333	5	0.3
231.333	99.667	5	0.3
333.333	102.333	5	0.3
397.667	94	5	0.3
420.333	95.667	5	0.5
455.667	119	5	0.5
564.667	139.333	5	0.7
599.667	202	5	0.7
713.667	194.333	5	0.5
662.333	192.333	5	0.5
709.333	239	5	0.3
746	244.333	5	0.3
764.667	282	5	0.7
828.333	302.667	5	0.5
701.333	297.333	5	0.3
746	352.333	5	0.5
647.333	187	4	1
800.333	235.333	4	1
775	244	4	1
604.667	231.333	4	1
716.667	279	4	1
735	220	4	1
690.333	202	4	1
486	136	4	1
513.333	150.333	4	1
485.667	191	4	1
435	143	4	1
496.333	116	4	1
376.333	109.667	4	1
169.333	56.333	4	1
157.333	91.333	4	1
257	54.667	4	1
250.333	134	4	1
613.667	221.667	3	1
645	243.667	3	1
685	226.667	3	1
684	238	3	1
568.667	250.667	3	1
761.667	320.333	3	1
770	309.333	3	1
822.333	274	3	1
785	358	3	1
842.667	459	3	1
799.333	413.333	3	1
831.667	418.333	3	1
794.667	480	3	1
825.333	570	3	1
705.333	450.667	3	1
789.333	384.667	3	1
778	211.333	3	1
620	332	3	1
606.333	322.667	3	1
661.333	305.333	3	1
799.667	278.667	3	1
736.667	302.333	3	1
597	276	3	1
589	305.667	3	1
550.667	240.667	3	1
515.667	123.667	3	1
458.333	323.333	3	1
364	132.667	3	1
348	132.333	3	1
286.333	104	3	1
192.333	112.333	3	1
216.333	67	3	1
313.667	191.333	3	1
226	182	3	1
134.333	184.667	3	1
126.667	227	3	1
247	202	3	1
397.333	240.667	3	1
429.333	227.333	3	1
384.333	229.667	3	1
395.333	156	3	1
504	190.333	3	1
521.667	181	3	1
411.667	188.667	3	1
433.667	164	3	1
629	227.333	3	0.3
643	214.667	3	0.3
811.667	452.333	3	0.3
626.333	442.333	3	0.5
621.333	303	3	0.5
832.667	601	3	0.5
757.667	547.333	3	0.5
782.333	511	3	0.5
826	491.333	3	0.5
651	489.333	3	0.5
658.667	533.333	3	0.5
720.333	587	3	0.5
609	394.333	3	0.5
578.667	423	3	0.7
650.333	337.667	3	0.3
561.667	310	3	0.3
581.333	297.333	3	0.3
502.667	304.667	3	0.3
531	235.333	3	0.5
448.333	175	3	0.5
401	190.333	3	0.7
493.667	406.333	3	0.7
516.333	399	3	0.5
551	336.333	3	0.5
572	518.667	3	0.3
533.667	499.333	3	0.7
281.667	196.667	3	0.3
192.667	208.333	3	0.7
214.667	276	3	0.7
180	264.667	3	0.3
192	156.333	3	0.5
168	144	3	0.3
137.333	131	3	0.3
128.667	126.333	3	0.3
300	403.333	1	1
265	392.333	1	1
207.667	383	1	1
174.667	366.667	1	1
149.333	379.667	1	1
134.333	406.333	1	1
295	593.667	1	1
117	618.333	1	1
230.667	549.667	1	1
211.667	579	1	1
281.333	293	1	1
313.333	228	1	1
248.667	166	1	1
164.667	167	1	1
163.667	245	1	1
165.333	122.333	1	1
375.667	330.667	1	1
425.667	321.667	1	1
395	303.667	1	1
408.667	300.667	1	1
390	286.333	1	1
486.333	560.333	1	1
487.333	545.333	1	1
373	386.667	1	1
350	373	1	1
571.333	550	1	1
678	306	1	1
623	421	1	1
662	378.667	1	1
717.333	427	1	1
718	515.333	1	1
684	561.333	1	1
789	550.333	1	1
688	579	1	1
688.333	511.333	1	1
744.667	475.667	1	1
739.667	624.333	1	1
599	615.667	1	1
711	566.333	1	1
341.667	252	3	0.3
377	276.333	3	0.3
389.667	340.667	3	0.5
365.667	185.333	3	0.3
371	196.667	3	0.3
348.333	170.333	3	0.7
458.333	88.333	3	1
411.333	69	3	1
356	57	3	1
288.333	33.667	3	1
387.667	58	3	1
405.333	56	3	1
197	30.667	3	1
185.667	27.667	3	1
686.667	173.667	3	1

limite foto
X(um)	Y(um)
104	6
108	637.333
853	637.333
851.333	239
789.333	180.667
697.667	126.333
595.333	179.333
577.333	102.333
475.333	73
409.667	29
352.333	45
297	20.333
134.333	5

limite tejido 
X (um)	Y (um)
851.333	239
841.333	223
831.333	208
820.333	196
803.333	185
789.333	182
775.333	179
750.333	178
739.333	162
717.333	150
696.333	125
685.333	138
677.333	148
654.333	155
634.333	156
616.333	167
595.333	178
578.333	170
587.333	143
589.333	114
577.333	101
544.333	99
522.333	102
492.333	89
475.333	73
448.333	67
428.333	46
412.333	29
381.333	40
352.333	45
332.333	41
321.333	31
314.333	16
298.333	19
276.333	27
257.333	19
229.333	19
201.333	14
166.333	13
154.333	9
134.333	5
115.333	9
105.333	6

limite lesion

vaso
X (um)	Y (um)
733.333	321.333
738.667	316.667
754.333	314.667
753	327
757.333	340
756.333	346.667
740.667	345.333
741.333	362.667
728.667	372
725.667	385
727	401.667
712.333	418.333
705	424.333
700	432.667
693	451.667
690	464.667
682.333	480
674.333	495.667
670.667	503.333
666.333	520
655.667	526
655	539.333
655.333	549.333
653	571
645.667	591.667
639	601.333
620.667	610
610	612
597.333	604.667
606	591.667
622.667	571
628.667	552.667
629	526
644.333	499
656	493
658.333	478.333
658.333	467.333
660	442.667
663.333	430.333
668.333	416.333
671.667	400.333
677.667	393
683.667	378.667
691	368.667
701	358
708.667	344.333
723.667	330.667

vaso
X (um)	Y (um)	
633.667	276.667
640.667	277.667
657	276
670.333	268.333
678.333	259.333
677.667	246.667
677.667	240.667
665.667	241
656.667	246.667
645.333	253
636.667	258
631.333	265.667

vaso
X (um)	Y (um)	
773.667	323
781.333	313
791.667	309
809	308.333
811.333	317
808	329

vaso
X (um)	Y (um)	
804	342.667
793.333	351
781.667	347.667
772	336.667
770.333	332.333
845.333	395.667
832.333	402.667
817.667	395.333
814.667	382.667
819.667	375.667
834.667	368
847	378

vaso
X (um)	Y (um)	
728.333	451.667
716	458.667
717	479
727.333	483.667
737	480
741	472.667
741	462.333
738.333	454.667

vaso
X (um)	Y (um)	
797.667	594.333
808	593.667
815	593
821.333	585.667
819	578.333
808	578
807	582.667
801.667	579.333
797	585

vaso
X (um)	Y (um)	
634.333	368
635	358
632.333	349.333
618	338.667
601.667	336
589.667	334.667
575	340
558.667	344.667
543	356.667
525	371
509.667	412.333
498	433
484	455
489.667	478.667
484	487
476.333	494
461.667	499.667
453.333	518.333
460	540.667
475.333	545
487.333	539
502.333	538.667
520.667	541
525.333	527.333
518	516.333
507	517.667
499.667	520.333
497	510.667
504.333	506.667
508.333	495
505.667	489.667
506.333	481.333
513.333	477
524	467.667
525.667	457.667
523.333	451
528.667	445
540	436
548	430.667
552.667	423
551	415.333
542	406
541.667	391.333
549.333	397.333
560.667	398.667
575.333	399.667
587	390.667
598	382.333
608.667	380.333
624.333	381.333
632	375.667

vaso
X (um)	Y (um)	
496.333	392
485.667	388.333
485	377.333
487.667	366
496	349.667
506.667	335
515.667	330.333
526.333	341
523.667	356.667
520	367.333
508.333	374
499.667	379.667
501.667	389

vaso
X (um)	Y (um)	
346	390
333	405.667
322.333	425.667
316.667	441.667
307.333	457
300.667	471.333
295.667	488
289	498.333
291.333	510.667
294.667	522
294.333	530
287.667	537.667
281	560.667
261	580.667
247.333	588.667
250	605
250	610.667
265.667	609
276.667	600.333
288.333	588
304.667	584.667
322.333	562.667
327.333	548.667
334.333	535
339.333	519.333
340	502
341	488.667
345.333	475.667
353.667	457.333
356.667	451.667
364.667	440
366.667	426
370	406
372.667	394
361.333	381.667

vaso
X (um)	Y (um)	
401.667	361.333
388.333	365.333
383	369.333
385.667	383.333
380	395.333
381.333	413.333
382.333	423.667
385.667	431.667
395.667	433
400	424.333
402	414.333
411.333	404
415.333	394.333
411	388.333
417.333	381.333
417	367
412.333	360.667

vaso
X (um)	Y (um)	
374.667	439.333
390	437.667
397	453.667
397	465
384.333	469.667
385	485.667
388.333	501.667
387	514.667
381.667	522.667
372	534.667
366.667	535.333
353	548.667
349	558.333
353.333	568
368.333	580
372.333	599
376.667	613.667
360	617.667
351	605.667
355	597.333
365.333	595
362	590
355	583.667
344.667	578.667
341.333	565.667
335.667	559.333
337.333	546.667
342	537.667
347.667	535.333
356.667	535.333
361.667	530
362.667	522.333
363.333	510.667
363.333	505
358.667	512.667
353	514.333
347.667	515.333
344	505.667
346.667	497.333
350.667	485.667
352.333	479.333
355.667	469.667
356.667	463
363.667	459
364.667	448.667

vaso
X (um)	Y (um)	
444.667	554.667
440	562.667
436.667	576.667
438.667	591
435	604.667
425.333	618.667
420.667	637.667
428.667	637.667
439.667	638.333
442.667	627.667
443.333	620
457	608
467.333	594.333
477.333	582.667
477	566
474	555.333
457	552.333
