foto 1
pin 1
X (um)	Y (um)
369.667	637.333

pin 2
X (um)	Y (um)
852.126	609.5

celulas
X (um)	Y (um)	TIPO	PB
325.667	106.333	6	1
383.333	142.333	6	1
446.667	246	6	1
444.333	458.333	6	1
404.667	446.333	6	1
427.667	395	6	1
362.667	526	6	1
379.333	572	6	1
509.667	473	6	1
506	544.667	6	1
714	298.667	6	1
691.333	185	6	1
759.333	458	6	1
712.667	482.667	6	1
668.333	447.667	6	1
601.333	446.333	6	1
818.667	324.333	6	1
671	601.667	6	1
622	550.333	6	1
578.667	468.667	6	0.3
733.333	563.333	6	0.5
675.333	503.667	6	0.5
786	424.667	6	0.5
828.667	470.333	6	0.7
844.333	530.667	6	0.7
798.667	605.667	6	0.3
636.333	353.667	6	0.7
777.333	234	6	0.3
654.333	296.333	6	0.7
670	271.667	6	0.5
547.667	155.667	6	0.5
541.667	570.667	6	0.7
711	543.667	6	0.3
737	596	6	0.3
634	606.333	6	0.5
717	360.667	6	0.3
602.222	379	6	0.7
596.444	562.111	6	0.5
566.222	553.667	6	0.5
644.444	418	6	0.7
586.222	421.111	6	0.3
753.333	369.889	6	0.3
810.667	348.111	5	1
708	408.556	5	1
662.222	385.444	5	1
617.778	398.333	5	1
734.222	463.667	5	1
821.333	562.889	5	1
808.444	580.222	5	1
692.889	595.333	5	1
714.667	630.889	5	1
642.222	632.667	5	1
595.556	599.333	5	1
555.111	632.222	5	1
596	631.333	5	1
640.667	437.556	5	1
472.222	577.556	5	1
510.889	595.778	5	1
565.556	595.778	5	1
422	190	5	1
442.444	106.889	5	1
449.556	83.333	5	1
515.333	76.667	5	1
498.444	85.111	5	1
531.333	92.667	5	1
582.444	111.778	5	1
542.889	121.111	5	1
602	110.444	5	1
651.333	153.111	5	1
625.556	131.333	5	1
607.778	149.556	5	1
576.222	143.778	5	1
464.667	116.222	5	1
482.444	104.222	5	1
463.778	65.111	5	1
470.444	50	5	1
485.111	46.444	5	1
514.889	66.444	5	1
366.444	78	5	1
348.667	75.778	5	1
419.333	55.556	5	1
688.667	120.444	5	1
734.889	131.111	5	1
706.889	160.889	5	1
775.556	135	5	1
760	119.889	5	1
808.889	163.444	5	1
786.222	173.222	5	1
725.778	192.333	5	1
754.222	172.333	5	1
691.556	159	5	1
839.111	120.556	5	1
821.333	182.889	5	1
795.111	142.444	5	1
830.222	142	5	1
816.889	146	5	1
722.667	110.889	5	1
799.111	222.333	5	1
813.333	287.667	5	1
825.778	255.667	5	1
739.556	249.444	5	1
687.111	219.222	5	1
776.889	309.444	5	1
780.444	402.667	5	1
761.333	389.778	5	1
744	395.111	5	1
790.222	536.556	5	1
801.778	560.111	5	1
848.889	388.556	5	1
833.778	369	5	1
836.444	346.778	5	1
758.222	197.889	5	1
783.111	196.111	5	1
585.333	89	5	1
644.444	472	5	1
631.111	500.889	5	1
656	534.222	5	1
680.444	563.778	5	1
814.222	522	6	1
546.667	533.111	6	1
589.778	528.667	6	1
639.556	584.667	6	1
774.222	614	6	1
500.444	498.444	6	1
584	483.778	6	1
589.333	403.667	6	1
584.889	349.778	6	1
550.222	334.222	6	1
498.667	316.444	6	1
524.444	444	6	1
552	414.222	6	1
649.778	336.444	6	0.7
675.111	134.111	6	0.5
828.889	203	6	0.3
605.333	199.444	6	0.7
750.222	283	6	0.3
835.556	630.444	6	0.3
783.111	578	6	0.3
831.556	488.667	6	0.5
783.556	326.778	6	0.7
846.222	285	6	0.3
677.778	392.667	6	0.7
604.444	490.444	6	0.7
732	540.667	6	0.7
748	522.444	6	0.3
734.222	517.444	6	0.3
797.333	490.667	6	0.7
788.444	447.111	6	0.5
789.333	387.556	6	0.5
766.222	347.889	6	0.5
634.667	216.556	6	0.5
784.444	122.889	6	0.5
798.222	129.556	6	0.5
653.333	106.444	6	0.5
553.778	82	6	0.3
611.556	84.667	6	0.3
532	177.111	6	0.7
505.333	166.444	6	0.5
520.889	119.778	6	0.7
480.889	152.667	6	0.3
389	46.667	6	0.3
415.222	104	6	0.5
453.889	150.667	6	0.5
342.333	151.556	6	0.5
342.778	129.778	6	0.7
386.778	189.889	6	0.7
556.111	212.556	6	0.3
640.111	261.556	6	0.5
597.444	248.667	6	0.3
614.778	293.111	6	0.3
365	186.778	5	1
310.333	176.556	5	1
365.444	349.333	5	1
421	303.111	5	1
466.333	495	5	1
440.111	491.889	5	1
472.556	532.333	5	1
409.889	598.889	5	1
351.667	558.444	5	1
329	513.556	5	1
760.667	259	5	1
818	432.778	5	1
847.333	577.556	5	1
486.444	612.667	5	1
716.222	253.222	5	1
715.778	276.333	5	1
691.778	290.111	5	1
703.778	339.778	5	1
682.444	335.333	5	1

limite tejido
X (um)	Y (um)
852.222	89.111
846.444	88.667
833.111	89.111
826.444	90.444
821.556	95.778
814.444	95.333
807.333	99.333
797.556	95.778
782.444	90.444
773.111	86.889
762.444	87.333
756.222	90.444
748.667	87.778
741.556	90.444
734	90.444
726.444	86.889
719.778	86.889
712.222	86.889
705.111	83.778
696.667	83.778
691.778	80.222
685.111	79.333
678	79.333
671.333	78.444
665.111	78.444
658	78
653.556	74.444
646	74.889
641.111	74
635.778	74
625.111	72.667
617.556	75.778
611.778	72.667
605.111	70.889
595.778	70.444
591.778	65.556
586	62.889
578.889	58.889
571.778	53.556
564.667	45.556
556.667	45.556
550	42.889
542.444	37.111
534.444	36.222
526.778	29.333
516.111	29.778
508.111	24.444
499.222	15.111
482.778	13.778
467.667	12
457	11.111
447.222	12.444
438.333	8.889
419.667	9.778
411.222	10.222
397	6.222
385.889	4
373.889	2.667
362.778	0.889
355.222	0
344.556	0.444
333.889	1.778
317.889	0.889
308.556	1.778
297.444	1.778
289	1.778
281	2.667
272.556	5.333
263.667	9.778
252.556	13.778
242.778	20.889
229.889	33.778
211.667	43.111
193	53.778
179.667	65.778
174.333	72.889
161.444	80.444
142.778	89.778
134.778	92.889
100.556	103.556
109.889	96
93	102.667
88.556	100.444

limite lesion
671.778	609.556
325.444	456.111
320.111	395.333
177.889	97.778
189	97.778
201	97.778
209	92
218.333	79.556
240.111	73.333
217.889	96.444
220.556	118.222
212.556	127.111
208.111	152.444
213.889	164.444
234.333	148.444
235.222	129.778
256.111	126.667
246.333	149.333
248.111	159.111
246.778	165.333
285	177.333
310.333	194.222
319.222	206.667
332.111	209.778
359.222	216.444
373.444	223.556
392.111	220
416.556	220
441	209.333
449.667	197.333
454.111	186.222
467.444	176.889
490.111	180.889
505.222	191.111
517.667	199.111
533.222	205.333
544.333	228
549.222	246.222
554.111	261.333
559	275.556
575	297.222
592.778	331
586.111	339.444
569.222	331.889
559.444	320.333
538.111	303
510.556	278.111
493.667	265.667
486.111	251.889
481.667	235.444
467.444	226.111
446.556	233.667
438.111	235.444
432.778	255
444.778	265.222
463.444	282.556
473.222	291.889
448.778	288.333
433.667	288.778
423.444	284.333
407.444	293.667
396.333	290.111
374.111	285.667
359.444	284.333
352.111	277.667
338.778	270.556
322.333	271
307.667	291.889
305.444	307.444
329.889	313.222
349.444	313.667
350.333	341.222
334.333	351.444
329.444	358.111
324.111	373.222
312.111	382.889
309.444	397.556
309.444	406
311.667	422.889
326.778	436.222
341.444	455.778
361.889	461.111
369.444	474.444
369	482.778
359.222	493.444
354.333	502.333
333	493
333.889	477.889
333.444	464.111
325.889	450.778
314.778	439.667
304.556	456.111
308.111	465
297.444	473.444
276.111	461
277.889	476.111
287.222	498.778
290.333	517.444
279.222	519.222
267.667	515.667
280.111	534.444
292.556	553.111
303.222	565.556
312.111	576.222
317.889	588.222
322.778	608.222
329	627.778

vaso
X (um)	Y (um)
769.556	413
766.444	408.556
760.667	402.778
754.444	405.444
754.444	415.667
751.333	421.444
748.222	429.889
754	435.667
758.444	439.667
771.333	445.444
774.444	439.222
780.222	431.667
776.667	423.667
772.667	418.333

vaso
X (um)	Y (um)	
674	615.333
674.889	619.778
683.778	622.444
691.778	618
689.556	610.444
680.667	606.889
676.222	606
	
foto 2
pin 1
X (um)	Y (um)
325.222	99

pin 3
X (um)	Y (um)
828	146.333

celulas
X (um)	Y (um)	TIPO	PB
438.556	148	6	1
420.333	146.667	6	1
563.889	161.556	6	1
669.222	156.667	6	1
465.222	202.778	6	1
385.222	204.556	6	1
511	284.111	6	1
480.333	308.556	6	1
483.889	332.556	6	1
519	385.444	6	1
504.333	393	6	1
440.333	422.778	6	1
445.667	389.889	6	1
396.778	349.444	6	1
650.556	315.222	6	1
626.556	300.111	6	1
641.667	266.333	6	1
679	241	6	1
541.222	367.222	6	1
460.778	158.778	6	1
471	243.667	6	1
725.556	297.889	6	1
797.556	286.778	6	1
778.889	359.667	6	1
725.111	122.667	6	1
709.556	109.778	6	1
782	103.111	6	1
813.111	228.444	6	1
842.444	176.889	6	1
801.111	144.444	6	1
816.667	336.556	6	1
826.889	309	6	1
800.222	398.778	6	1
706	252.556	6	0.7
761.111	238.778	6	0.7
697.111	225	6	0.3
745.111	216.556	6	0.5
638	158.444	6	0.3
626	220.444	6	0.3
815.778	455.111	6	0.3
746.444	417.333	6	0.7
760.667	448	6	0.7
707.333	418.222	6	0.5
619.778	343.444	6	0.5
597.556	392.333	6	0.5
602.889	268.889	6	0.7
590.444	295.111	6	0.7
610.889	186.667	6	0.3
632.667	423.556	6	0.5
530.444	430.667	6	0.3
441.111	347.556	6	0.3
448.222	305.778	6	0.3
458.444	336.444	6	0.7
493.111	416.111	6	0.7
600.222	449.111	6	0.5
572.667	368.889	6	0.7
671.111	451.778	6	1
726.222	390	6	1
523.111	578.444	6	1
439.556	498.889	6	1
459.111	442.444	6	1
556.889	478	6	1
615.111	490.444	6	1
590.667	127.667	6	1
406.222	551	6	1
356.444	251	6	1
513.333	151.778	5	1
537.778	128.667	5	1
536.889	148.667	5	1
488.889	144.667	5	1
568.444	341	5	1
568.444	293.889	5	1
570.667	308.111	5	1
589.333	334.778	5	1
508	469.111	5	1
523.111	489.111	5	1
485.333	457.333	5	1
384.889	621.556	5	1
438.667	600.667	5	1
480	536.222	5	1
281.778	599.333	5	1
247.111	618	5	1
248.889	628.222	5	1
252	565.556	5	1
240	590	5	1
665.444	540.222	5	1
620.111	546.889	5	1
720.556	445.111	5	1
725	474.889	5	1
706.778	488.667	5	1
677.889	417.444	5	1
690.778	310.889	5	1
694.778	340.222	5	1
751.667	136.667	5	1
646.778	107.333	5	1
639.667	196.111	5	1
488.556	260.333	5	1
542.778	398	5	1
604.111	372.222	5	1
671.222	387.778	5	1
615.667	455.111	5	1
818.444	374.444	5	1
720.667	148.222	5	1
697.556	149.556	5	1
810.444	190.667	5	1
804.222	180	5	0.3
714	186.667	5	0.3
756.222	200.444	5	0.3
810.889	252.444	5	0.7
750.889	270.667	5	0.7
738.889	317.111	5	0.3
746	327.778	5	0.7
730.444	338	5	0.5
671.778	367.778	5	0.7
542	307.778	5	0.7
816.667	432.444	5	0.7
697.556	184.889	5	0.3
669.556	212	5	0.5
654	173.556	5	0.3
644.222	223.778	5	0.7
675.778	178.889	5	0.3
735.778	510.444	6	1
759.333	466.444	6	1
792.222	492.667	6	1
690.444	518.333	6	1
545.556	553	6	1
516.667	519.667	6	1
566.444	431	6	1
570.889	416.333	6	1
465.556	380	6	1
518.889	337.111	6	1
395.333	294.556	6	1
422.444	297.667	6	1
500.222	353.778	6	1
579.444	110.222	6	1
508.778	123.556	6	1
559.889	113.778	6	1
500.889	176.778	6	1
502.222	256.333	6	1
424	613.556	6	1
505.778	611.778	6	1
368	561.556	6	1
331.556	620.667	6	1
308.444	620.667	6	1
308	599.778	6	1
226.667	617.556	6	1
197.778	601.111	6	1
170.222	608.667	6	1
141.333	624.667	6	1

limite tejido 

limite lesion
332	105.889
350.667	113.444
367.111	124.556
380.444	136.556
386.667	143.222
389.778	165.444
385.333	177.444
377.333	185.889
377.333	198.333
376.444	214.333
357.333	222.778
338.222	231.222
334.667	238.778
339.556	243.667
341.778	261.444
341.333	274.667
353.778	291.556
373.778	296
380	306.667
385.778	327.556
384	346.222
382.222	356.111
377.778	383.667
377.333	391.222
376.444	398.444
375.556	410.889
406.667	416.222
414.222	418
429.778	425.556
442.667	434
449.778	442
451.111	452.667
445.333	466.444
439.556	480.667
424.444	486
423.556	499.778
428.889	510.444
418.667	524.222
408	538.444
392	532.222
380.889	532.222
369.778	544.667
358.222	547.333
351.111	554.444
351.556	569.111
361.333	574.444
364.889	588.667
350.222	586.889
336.889	587.778
325.778	584.222
312.444	575.778
305.778	574.889
295.111	576.667
292.444	570.444
279.556	555.778
269.333	544.222
260	536.667
247.111	534
246.222	541.556
235.556	548.667
228	554.444
217.778	556.667
203.556	559.778
190.222	564.667
180.444	562
168.889	551.778
154.222	534.444
121.333	526.444
111.111	534.889
100.444	545.556
113.333	554.889
123.556	563.778
133.778	581.556
124	579.778
110.222	586
102.222	593.556
85.333	605.111
94.667	622
103.556	634

vaso
X (um)	Y (um)
490.444	569.222
482.889	573.222
477.556	587
479.778	598.111
484.667	608.778
498	611.444
506.889	605.222
510	594.556
512.222	583
502.444	578.556
497.111	572.778

vaso
X (um)	Y (um)	
540.222	175.556
555.778	180.889
574	193.778
585.556	216
591.778	234.222
582.444	256
558.889	266.222
545.556	268.889
528.222	265.333
512.222	252.444
503.333	241.333
508.667	215.111
518.889	193.778
529.556	180.889

vaso
X (um)	Y (um)	
488.667	555.444
489.556	544.778
490.444	533.667
501.556	530.556
511.333	529.667
534	521.667
551.333	514.111
576.222	517.667
562.889	524.333
546	543.444
534.889	556.333
526.444	566.556
515.778	572.333
509.556	563
501.111	560.778

vaso
X (um)	Y (um)	
442.444	523.333
436.222	524.667
428.222	532.667
419.778	546
421.111	564.222
432.222	564.667
445.556	558.889
454.889	564.222
461.111	563.333
470.444	557.111
470.444	543.778
462.444	537.556
451.778	530.444
448.222	524.222

vaso
X (um)	Y (um)	
523.333	435.778
511.333	437.556
500.222	432.222
485.111	429.111
475.778	422.889
464.667	426.889
472.667	439.333
482.889	448.222
492.222	451.778
506.444	460.222
522.889	464.667
526.444	471.333
534	478
538.444	470.444
557.111	463.333
572.222	454.444
590.444	448.222
599.778	437.556
588.667	430.889
572.667	435.778
560.222	439.778
546	435.778

vaso
X (um)	Y (um)	
656.667	498
657.111	509.111
669.111	515.333
686	513.111
699.333	505.556
698.889	495.778
698.444	490.444
681.556	492.222
670	493.111

vaso
X (um)	Y (um)	
398	340
403.778	325.333
410	304
426.889	304.444
437.556	316.889
438.889	330.222
429.111	341.778
418.444	348.889
406.889	348.889

vaso
X (um)	Y (um)	
421.556	287.111
414.444	278.222
411.778	264.444
406	252
397.556	243.111
404.222	216
395.778	210.667
397.556	196
411.778	172.444
426.889	168
438.889	176.889
425.556	199.111
425.111	209.778
418.889	229.778
432.667	230.222
456.222	232.889
462	254.667
467.333	263.556
461.556	279.111
445.556	276.444
428.667	274.667

vaso
X (um)	Y (um)	
453.556	172.111
463.333	181.889
480.222	195.667
491.778	209.444
500.667	210.333
514.444	193.444
520.222	183.667
496.222	186.333
491.333	175.667
482.889	169.444
473.111	169
462	165

foto 5
pin 3
X (um)	Y (um)	
440.778	172.222

pin 4
X (um)	Y (um)	
419.889	97.222

celulas
X (um)	Y (um)	TIPO	PB
474	116	6	1
445.667	79	6	1
517.333	104.333	6	1
541.667	131	6	1
518.667	177	6	1
539.333	199.667	6	1
526.667	242.333	6	1
552.667	258	6	1
522	331.333	6	1
529.333	363.333	6	1
522	422	6	1
461	363.667	6	1
538.333	475.333	6	1
498.333	504	6	1
463.667	505.333	6	1
584.333	452.333	6	1
588	347	6	1
573.333	319	6	1
462.333	304	6	1
538.333	76	6	1
529	44.667	6	1
458.667	50.333	6	1
482.333	21	6	1
585	34.333	6	1
707.333	148	6	1
715.667	162	6	1
659.667	154.667	6	1
590	165.333	6	1
653.333	203	6	1
680.333	187.667	6	1
698.667	230.667	6	1
690.667	305.667	6	1
666.667	307.333	6	1
710	274.333	6	1
649	359.667	6	1
696.333	374	6	1
698.667	419.667	6	1
605	490.333	6	1
768.333	345.333	6	1
749.667	412.333	6	1
757	439.667	6	1
628.667	389.667	6	1
679	33	6	1
722.333	30.333	6	1
743.333	6.667	6	1
786	60	6	1
778.667	75.333	6	1
806.667	69.667	6	1
828.333	24.333	6	1
784	158.333	6	1
825.667	195	6	1
770.667	318	6	1
835	344	6	1
821.667	357.333	6	1
689	327.333	6	1
738.333	191	6	1
761.667	127.667	6	0.5
683.333	87	6	0.5
719	57.333	6	0.5
602	42.333	6	0.5
742	360.333	6	0.5
635	354	6	0.3
645.667	474	6	0.3
604.667	460	6	0.7
727.333	477.667	6	0.3
833.333	421	6	0.5
789.333	430.667	6	0.5
837.667	93.333	6	0.3
546	517.333	6	0.7
586	509.667	6	0.5
670.333	507.667	5	0.3
676.667	410	5	1
643.667	399.667	5	1
731	345.667	5	1
728	452	5	1
679.333	453.333	5	1
605.667	425.333	5	1
580.667	375.667	5	1
488	413.333	5	1
684	258.667	5	1
467.667	272.333	5	1
478.667	270.333	5	1
588.333	206	5	1
643.667	223	5	1
633	213	5	1
616.667	197	5	1
646.333	107.333	5	1
682.667	125	5	1
693	112.667	5	1
661	68	5	1
655.333	28	5	1
641.333	28.333	5	1
689	8.333	5	1
509.667	51.333	5	1
584.333	100	5	1
555.333	99	5	1
597	87.667	5	1
607	66	5	1
592.667	311.333	5	1
516	304.667	5	1
681.667	488	5	0.3
703.667	496.667	5	0.5
699	463	5	0.5
622.333	512.667	5	0.5
495.333	451	5	0.7
468.333	414.667	5	0.3
573.333	392.667	5	0.7
561.333	527.667	5	0.3
589.333	536.667	5	0.5
573	427.667	5	0.7
491	392	5	0.7
551.667	330	5	0.3
610	258.667	5	0.5
603	247	5	0.5
500.667	141.667	5	0.5
700	71.333	5	0.3
489.333	353.333	5	0.3
642.667	328.333	4	1
703.667	255.333	4	1
475.667	438.667	4	1
457.667	550	4	1
757.667	486.333	4	1
788	487.667	4	1
811.667	464	4	1
757.667	454.667	4	1
816	416.333	4	1
781.333	371	4	1
790	349.333	4	1
806	260.333	4	1
737.667	301.667	4	1
824.667	281	4	1
813.333	314.667	4	1
840	313.667	4	1
817.667	234.667	4	1
808.667	239.333	4	1
759	246.667	4	1
803.333	169.667	4	1
843	136.333	4	1
801	98	4	1
845.333	78	5	1
774.667	89	5	1
827	128.333	5	1
786.667	178.667	5	1
826.333	374.667	5	1
574.667	122.667	5	1
588	129.667	5	1
503	223	5	1
492	545	5	1
474.667	536.667	5	1
503	572.333	5	1


limite tejido 

limite lesion

vaso
X (um)	Y (um)
657.667	164
646.667	167.333
642.667	180.333
646.333	192
665	192.333
674.667	189.333
678.667	184
676	176
665.333	167.333

vaso
X (um)	Y (um)	
672.333	201.333
673	205.667
677.333	209
691	218
701.667	211.333
702.333	203.667
694	196
751.333	205.333
770.333	107.333

vaso
X (um)	Y (um)	
610.333	135.667
599	141
596	148.667
597.667	160.333
607.333	161
617.667	168.333
629	167
623	155
628	144
635.333	140.333
641	133.333
648.667	123.667
662	114.333
659.333	110
648	110.667
638.667	116.333
627.667	126.667
620.333	130.667

foto 6
pin 2
X (um)	Y (um)	
460.333	571.111

pin 5
X (um)	Y (um)	
846.222	104.556

pin 4
X (um)	Y (um)	
460.333	571.111

celulas
X (um)	Y (um)	TIPO	PB
458	491.333	6	1
565.667	466.667	6	1
543.667	465.667	6	1
472.667	449	6	1
508	355	6	1
519.333	235.667	6	1
522	222	6	1
473.333	205.667	6	1
530.333	124	6	1
581.333	397.333	6	1
604.667	321.667	6	1
628	102.667	6	1
730.333	218.667	6	1
776	202.333	6	1
794	176.333	6	1
732	273	6	1
782	399.667	6	1
735	376.333	6	1
671	293.333	6	1
674.333	198	6	1
749.333	177	6	1
769.333	146	6	1
825.667	167.667	6	1
840.667	126.667	6	1
659.333	164.667	6	0.7
839.333	243	6	0.3
807	252	6	0.7
826.333	363.333	6	0.5
844.667	441	6	0.7
814	287	6	0.7
772.667	382	6	0.7
608.333	284.333	6	0.3
575	256.333	6	0.3
624.333	508.667	6	0.3
764	502	6	0.3
781	479.667	6	0.3
603.667	370	6	0.3
560.667	185.667	6	0.7
607	213.667	6	0.3
632	164.333	6	0.3
584.333	165.333	6	0.3
506.333	324.667	6	0.5
649.667	255.333	6	0.5
557.667	106	6	0.5
571.333	109.667	6	0.5
727.333	103.667	6	0.3
689	104.333	6	0.3
717	199.333	6	0.7
803.333	237.333	5	1
760.667	255.333	5	1
700.667	235.333	5	1
684.667	246.333	5	1
672.667	209.333	5	1
705	150	5	1
739	140.667	5	1
768	126.333	5	1
753.333	95.667	5	1
791.667	111	5	1
649	121.333	5	1
663	269.667	5	1
768.667	430.667	5	1
742	467.333	5	1
677	467.333	5	1
693	434	5	1
628.667	426.333	5	1
622	390.333	5	1
524.333	156	5	1
551.333	142	5	1
519	193.667	5	1
496	142.333	5	1
493	110.333	5	1
539.667	261.333	5	1
507	256.667	5	1
581.667	223	5	1
561	282.333	5	1
580.333	327.667	5	1
544.667	331	5	1
554	367.667	5	1
547.333	380	5	1
560	437.667	5	1
534	432	5	1
620.667	139.333	5	1
589.333	435.667	5	0.3
492	422	5	0.5
490	389	5	0.3
655.333	456.667	5	0.3
681.333	500	5	0.3
698.667	499.333	5	0.3
806.333	468.333	5	0.5
799.333	437	5	0.5
834.667	436	5	0.7
802.333	341	5	0.7
732.667	334	5	0.7
721.333	305.333	5	0.7
798.333	315.333	5	0.5
824.333	301	5	0.3
825.333	212	5	0.5
809	139	5	0.3
689.333	181.333	5	0.3
785	110.333	5	0.7
769.667	104.667	5	0.3
673.333	127.333	5	0.3
675.333	164.667	5	0.3
767.333	238	5	0.3
771	277.333	5	0.3
704.667	253.667	5	0.7
839.667	333.333	5	0.7
825.667	394.667	5	0.7
693.333	372.667	5	0.7
691.333	337	5	0.5
778	178.333	4	1
774.333	161.333	4	1
735	158.333	4	1
596.667	261	4	1
476.667	239.667	4	1
563.333	166	4	1
577.333	125.333	4	1
473	123.333	4	1
468	157.333	4	1
491.333	185	4	1
450	88.667	4	1
450.333	112.667	4	1
448.333	140	4	1
478.333	172	4	1
609.667	359.333	4	1
810	479.333	4	1
666	406	4	1
761.333	308.333	4	1
844	89.667	4	1
836.667	78.333	4	1
783.667	93.667	4	1
819	100.333	4	1
648.667	96.667	4	1
795	70.333	5	1
610.667	70.667	5	1
586.667	50	5	1
568	53	5	1
537.333	61	5	1
526.667	88.667	5	1
467.667	61	5	1
500.667	62	5	1

limite tejido
X (um)	Y (um)
685.333	207.667
450	48.667
456.667	47.667
465.333	48.667
477	43.667
489	47.667
509.667	46.667
515	43.333
526.667	40
531	38.333
535	45.333
546	38.667
559	35
564	35
578	33.667
593	40
613.667	48.333
618	57.333
628	56.667
635.667	55
649.333	62.333
660.667	64.667
675.333	68
684	64.333
711.667	64
729	60
753	53.667
767.667	50.667
781.667	50.333
797.667	47.667
807	48.667
821	44
835.667	41.667
848.667	40.333
 

limite lesion

vaso
X (um)	Y (um)
656.667	379.667
659.333	374.333
657	361
651.667	352.667
650	342
640.333	330.667
630.667	309.333
628.667	295.667
627.667	287.667
621	271.667
618.333	256.333
615.333	245.667
615.333	226.333
614.333	210.333
613.667	206.667
608.667	187.333
599	169.667
597.333	159
596.333	149.333
588.667	138.333
588.667	124.667
585	110.667
582.333	99.333
576.333	90.667
578	80
592.333	81.333
599.333	94.333
602.667	122
606	138.333
616.333	155.333
613	171
619.667	183.333
623.667	200
626.667	215.333
626.333	233.667
629.667	241.333
630	244.667
633.333	260
634.333	275.333
634.667	295
648.333	306.333
653.667	320.333
653	337
672	342.667
678.333	363
677	387.667
663	387.667

foto 11
pin 7
X (um)	Y (um)	
697.333	206.333

pin 6
X (um)	Y (um)
171.556	147.444

celulas
X (um)	Y (um)	TIPO	PB
135.667	251.667	6	1
89.667	322	6	1
112.667	351.667	6	1
73	442	6	1
138.667	425	6	1
17.444	232.222	6	1
203.222	394.889	6	1
281.889	298.111	6	1
149.889	330.444	6	0.3
79.667	535.222	6	0.3
42.333	565.444	6	0.3
14.778	526.778	6	0.3
315.667	486	6	0.3
392.778	293	6	0.7
563.444	273.444	6	0.7
360.889	543.778	6	0.3
506.667	512.667	6	0.7
378.667	394.444	6	0.7
461.778	493.111	5	1
410.222	506	5	1
423.111	516.222	5	1
434.222	433.111	5	1
451.111	382.889	5	1
247.111	452.667	5	1
267.111	473.556	5	1
308.889	385.111	5	1
236.444	579.778	5	1
358.667	445.111	5	1
306.667	323.222	5	1
252.444	359.667	5	1
68.889	270.333	5	1
181.333	240.111	5	1
173.333	281.444	5	1
18.667	357.444	5	1
61.778	382.778	5	1
62.222	473.222	5	1
243.111	236.444	5	1
310.222	223.333	5	1
310.222	276.222	5	1
270.222	348.222	5	1
207.556	487	5	1
100	490.889	5	1
345.778	612.222	5	1
545	526	5	1
530.778	474	5	1
394.778	249	5	1
625	255.222	5	1
618.333	214.778	5	1
597	355.667	5	1
641.889	400.667	5	1
682	265.111	5	1
763.778	217.111	5	1
706	338.889	5	1
659.778	349.111	5	1
652.222	445.222	5	1
567.778	627.222	5	1
575.778	548.111	5	1
512.222	572.556	5	1
610	533.889	5	1
684.222	545.889	5	1
508.333	632.556	5	1
341.222	600.111	5	1
24	311.889	5	1
214.667	261.222	5	0.3
74.222	243.444	5	0.3
154.222	550.222	5	0.3
100	576.889	5	0.3
147.111	574.667	5	0.5
188	629.889	5	0.7
115.556	621.444	5	0.7
18.222	611.667	5	0.3
25.333	595.222	5	0.3
52.889	585.444	5	0.3
219.111	350.556	5	0.5
473.889	293.333	5	0.5
449	288.889	5	0.7
601.889	307.111	5	0.7
599.667	325.333	5	0.7
601.444	476.556	5	0.3
544.556	394.778	5	0.5
483.778	434.889	5	0.3
450	260.778	5	0.3
341.556	249.111	5	0.5
424.667	349.889	5	0.7
501.556	353	5	0.7
8.889	463.333	5	0.5
42.222	417.333	5	0.5
188	501.333	5	0.5
331.111	385.778	4	1
320	409.333	4	1
216	462.222	4	1
129.778	368.889	4	1
193.778	313.111	4	1
152.889	291.778	4	1
114.222	270.889	4	1
107.556	288.667	4	1
8	271.333	4	1
27.111	273.111	4	1
110.222	412.667	4	1
133.333	492.556	4	1
189.778	543.222	4	1
22.667	542	4	1
191.111	602.778	4	1
276.444	513.556	4	1
264.444	409.444	4	1
253.778	320.111	4	1
483	333.667	4	1
502.556	315	4	1
540.778	307	4	1
539.444	334.111	4	1
561.667	354.111	4	1
535.444	368.778	4	1
500.333	383.444	4	1
525.667	387	4	1
384.333	462.667	4	1
429.667	458.667	4	1
448.778	439.556	4	1
473.667	414.222	4	1
547.444	435.556	4	1
527.444	427.556	4	1
525.222	458.667	4	1
480.778	469.333	4	1
480.333	597	4	1
434.556	616.556	4	1
386.556	621	4	1
400.333	610.333	4	1
356.333	278.778	4	1
483.889	535.778	4	1
546.556	592.111	4	1
641.333	557	4	1
666.222	513	4	1
673.778	480.556	4	1
676.444	466.333	4	1
501.778	550.778	4	1
585.333	597	4	1
569.333	595.667	4	1
656.889	606.333	4	1
678.667	617.444	4	1
630.667	581.889	4	1
597.333	443.222	4	1
472.556	626.333	4	1
393.333	220.778	4	1
428.889	224.778	4	1
460.444	370.556	4	1
454.222	320.333	4	1
278.667	593	4	1
383.556	554.556	4	1
261.778	428.333	4	1
95.556	546.333	4	1
139.556	517.444	4	1
51.111	503.667	4	1
24	445	4	1
617.556	496.556	4	0.5
629.111	509	4	0.5
638.889	374.111	4	0.5
642.444	342.556	4	0.5
654.444	581.444	4	0.3
667.778	566.778	4	0.5
456.222	558.778	4	0.5
427.333	545	4	0.3
458.444	535.222	4	0.3
522	606.778	4	0.3
616.667	613.889	4	0.7
297.111	518.333	4	0.7
323.333	563.667	4	0.3
159.333	391.778	4	0.3
168.222	401.111	4	0.3
186.889	376.222	4	0.3
176.667	337.444	4	0.3
156.222	352.111	4	0.5
150.444	304.111	4	0.5
383.333	265.889	4	0.5
351.778	340.333	4	0.5
347.778	309.667	4	0.7
143.778	281	4	0.7
295.778	601.889	4	0.7
68	616.556	4	0.3
90.667	617	4	0.3
110.222	447	4	0.5
132	464.778	4	0.7
171.556	445.222	4	0.5
63.556	321.667	4	0.3
624.111	443.889	4	1
200.889	243.778	4	1

limite tejido 

limite lesion

vaso
X (um)	Y (um)
70.667	391
80.444	396.778
102.667	398.556
101.778	379
98.222	370.111
87.111	370.556
72.889	376.778

vaso
X (um)	Y (um)	
88.444	256.333
84.444	263.889
90.667	275
98.667	274.111
102.667	263.889
95.556	256.778

vaso
X (um)	Y (um)	
603.667	405.889
601.889	391.222
587.222	394.333
580.111	402.778
584.556	417.444
595.222	411.222

vaso
X (um)	Y (um)	
583.222	274.667
570.778	277.333
571.222	284.444
585	289.778
590.333	282.667
590.333	275.556

vaso
X (um)	Y (um)	
372.111	599.222
363.667	604.111
367.667	612.556
379.222	619.222
386.333	611.667
395.667	606.778
410.333	599.222
432.111	591.222
437	574.333
416.556	577
397	585.444
386.333	589.889
373.889	593.889
381.889	414.889

foto 12
pin 6
X (um)	Y (um)	
207.444	556

pin 5
X (um)	Y (um)	
11.111	420.222

pin 8
X (um)	Y (um)	
664.778	259

celulas
X (um)	Y (um)	TIPO	PB
200	430.333	6	1
281	415	6	1
136.333	412	6	1
342	405.333	6	1
374.667	234.667	6	1
437.333	172	6	1
377.333	510.333	6	1
74.333	501.667	5	1
200	518	5	1
272.333	504	5	1
78.333	455.333	5	1
123.333	540.667	5	1
108.333	476	5	1
84.333	388	5	1
207.333	397.333	5	1
239	299.667	5	1
278	286.333	5	1
506	347.667	5	1
424.333	283	5	1
427	238.333	5	1
356.667	340.333	5	1
412.667	447.333	5	1
525.667	417.667	5	1
516.667	398.667	5	1
550	404.333	5	1
311.333	430.333	5	1
378.667	438.333	5	1
325.667	566	5	1
595.333	167	5	1
569	187	5	1
612.333	212.667	5	1
601.667	252.333	5	1
600	323.333	5	1
615.667	378.667	5	1
565	488.333	5	1
608.333	499.667	5	1
634.333	473.333	5	1
457	493.667	5	1
573.333	608	5	1
477.667	377.333	5	1
400	368.333	5	1
472.667	171	5	1
207	452.333	6	1
255.333	497	6	0.3
235.333	488.667	6	0.3
186.667	484	6	0.5
166.667	468.667	6	0.3
108.333	439	6	0.7
71.667	431.333	6	0.7
62.667	415	6	0.3
18	439.667	6	0.7
18	457	6	0.5
18	471	6	0.5
44.333	495	6	0.7
35.667	524.667	6	0.5
57.667	532.333	6	0.5
132.333	502.667	6	0.7
146.667	499	6	0.7
190	277	6	0.3
230.333	260	6	0.3
262.667	250	6	0.3
204.667	588.333	6	0.3
239.667	558	6	0.5
255.667	546.333	6	0.5
96	582.667	6	0.7
39	598.667	6	0.7
3.333	563.667	6	0.7
188.333	376.667	6	0.3
181	314.667	6	0.3
295.333	324	6	0.5
340.333	313.333	6	0.3
293.667	236	6	0.5
294	212.667	6	0.7
369.333	192.667	6	0.7
474.333	308.667	6	0.3
472	264.667	6	0.3
480.333	213.333	6	0.3
499.333	141.667	6	0.3
534.333	132.333	6	0.7
550	149	6	0.5
571.667	302	5	0.5
574.333	283.667	5	0.7
595.667	276	5	0.5
630.667	271.333	5	0.5
456	352.333	5	0.7
486	460.333	5	0.5
528.333	506.667	5	0.7
507.333	512.333	5	0.7
563.333	542.333	5	0.3
434.333	575	5	0.3
453	319.667	5	0.3
417	337	5	0.3
532.333	160.333	5	0.3
340.667	254.333	5	0.5
367	264.667	5	0.3
384.667	290	5	0.5
390	217.333	5	0.7
252.333	289	5	0.7
235	346.333	5	0.3
316.333	358	5	0.3
306.333	375	5	0.3
338	358	5	0.3
401.667	395.333	5	0.3
318.333	486.667	5	0.3
259.667	586.333	5	0.5
364	547.333	5	0.3
385	580.333	5	0.5
237.333	615	5	0.7
153	601.667	5	0.7
14.667	597.667	5	0.3
89.333	633.667	5	0.3
133.333	627.333	5	0.3
150.667	553.333	5	0.3
99.667	565	5	0.3
277.333	618.667	5	0.5
197.667	349.333	5	0.7
117	376	5	0.7
451.667	460.667	5	0.3
491.333	417.333	5	0.3
438	379.667	5	0.5
342.333	227.333	5	0.7
310.667	278.333	5	0.7
304.333	252.333	5	0.3
330.333	202	5	0.5
343	190.667	5	0.3
531.333	198.667	4	1
528.667	308.667	4	1
534.667	356.667	4	1
526.333	357	4	1
404	331.333	4	1
393.667	338	4	1
420	211	4	1
450	209	4	1
397.333	167	4	1
617	166.667	4	1
588	119	4	1
558.667	115	4	1
566	101.667	4	1
522.667	107.667	4	1
567.667	250.333	4	1
570	239.667	4	1
560.667	241	4	1
632.667	362.333	4	1
622	311.667	4	1
621.667	298	4	1
609.667	413.667	4	1
578.667	433	4	1
522.667	548.667	4	1
497.667	567.667	4	1
529.333	596.333	4	1
557.667	580.333	4	1
607.667	561.667	4	1
609.333	553	4	1
602.333	573.667	4	1
525.333	628	4	1
412.667	511.667	4	1
435.667	429.667	4	1
620.667	461	4	1
651	448.667	4	1
366.667	471.333	4	1
389.667	477	4	1
398	547.667	4	1
403.667	572.667	4	1
359	421.667	4	1
403.333	612.667	4	1
435	618.333	4	1
441	586.333	4	1
341.667	514	4	1
326	474.667	4	1
186.333	612.667	4	1
175.667	571.667	4	1
295.333	458	4	1
270	358	4	1
131.333	344	4	1
143.667	360.667	4	1
149	305.333	4	1
191.667	293.333	4	1
72.667	483.667	4	1
80	604.667	4	1
281.333	600	4	1
313.667	611.667	4	1
298.333	584	4	1
251	513.667	4	1
46	567.667	4	1
50.667	432	4	1
20.333	407.667	4	1
18.333	394.667	4	1
168.333	434.333	4	1
81	357.667	4	1
25.667	377.333	4	1
244.333	450.667	4	1
242.667	478.667	4	0.5
248.333	412	4	0.7
235	408	4	0.7
202.667	627.333	4	0.3
181.333	626	4	0.3
132.333	608	4	0.3
114.333	606.333	4	0.3
57	577.333	4	0.3
23.333	507	4	0.3
55.333	455.667	4	0.5
516.667	467	4	0.3
541.333	472.333	4	0.5
557	468.333	4	0.7
563.333	449	4	0.7
466.333	572.333	4	0.3
467	553.667	4	0.3
478	602	4	0.3
436.333	517.667	4	0.3
446	395.333	4	0.5
515.667	301	4	0.5
531.667	265.333	4	0.5
518.333	259.667	4	0.5
501.667	172.333	4	0.3
460.667	148	4	0.7
647.333	586	4	0.7
641.333	541	4	0.3
617.667	618.333	4	0.5
586.333	585.667	4	0.7
497.333	288.667	4	0.3
497	309.667	4	0.3
553.667	503.667	4	0.3
633.667	565.667	4	0.3
642	565	4	0.5
626.667	245.333	4	0.5
562.333	204.333	4	0.3
628.667	215	4	0.3
622.333	190.667	4	0.3
523.667	144	4	0.5
588.333	93.333	4	0.3
640	287	4	0.3
650.333	494.667	4	0.5
645	611	4	0.5
655.333	636	4	0.7
655	428.333	6	1
375	360	5	1
324.333	292.333	5	1
323.333	306	5	1
308.333	316	5	1
340.333	274.667	5	1
381	272.333	5	1
411.333	253.333	5	1
149	408.333	5	1
110.667	405.667	5	1
217	255.667	5	1
210.667	267	5	1
238.667	235.333	5	1
255.667	225.667	5	1
211	355.333	5	1
293.667	225.333	5	0.3
277.333	217	5	0.3
275.333	231.333	5	0.3
291	248.667	5	0.5
264.667	382	5	0.7
297.333	414.333	5	0.7
556	95.667	5	0.7
578	82.333	5	0.3
446	142	5	0.7
417.667	157.667	5	0.7
455.333	184.667	5	0.5
413.556	479.333	4	1
355.333	534.444	4	1
354	591.778	4	1
378	609.111	4	1
491.333	561.111	4	1
482	526.444	4	1
242.889	604.222	4	1
302.667	487.778	4	1
352	449.556	4	1

limite tejido
X (um)	Y (um)
608	49
601.667	52
594.667	50.667
582	49.333
565.667	54.667
560.333	60
553	66.667
540.333	75
525.667	77.667
506.667	85.333
491.667	91
477.333	106.667
459.333	115.333
442.333	125
429.333	132.667
416.667	132.667
397.667	133.667
382	133.667
374.333	141
369	151
354.667	149.667
344.667	144
339.333	160
337.333	174
324	186.333
311.333	188
297	187.333
284.667	190.333
277.667	195
257.667	206
247.333	203
231.333	212.333
217.333	224
206.333	226.667
200.667	234
190	234.333
179	245
173.667	250.333
162	258.333
154	270
146.667	274
130.667	274.667
129	286.667
121.333	304
108.333	315.667
89.667	325
76.667	328.333
57.667	337.667
47.667	340.667
33.333	349
19	354
13.667	353.667
4	359.333
0	357.667
 
limite lesion

vaso
X (um)	Y (um)
157.667	520.333
146	523.333
144	540.333
156.333	546.333
172.333	551
175.333	537.333
170	523.333

vaso
X (um)	Y (um)	
178	306.667
164.333	299.333
158	307.333
153	317
160	325.333
173.667	318.667

vaso
X (um)	Y (um)	
537	326.667
545	339.667
550	354.667
557.333	367.333
564	376.667
581	375.667
579.667	364.667
568.667	343
564	330
559.333	309.333
554	294.333
546.333	287.667
535.667	294
533.667	304.333

vaso
X (um)	Y (um)	
490.667	472
483.333	476.333
480.667	481.333
480.333	490
491.667	495.667
496.667	494.333
505.333	505.667
508.333	499.333
514.333	493.333
506.333	486.667
503.333	480.333
496.333	475.667

vaso
X (um)	Y (um)	
307	509
299	512.667
299.667	521
301	530
313.333	529
318	523
315	517

foto 13
pin 8
X (um)	Y (um)	
153.333	302

pin 9
X (um)	Y (um)	
247.889	630.333

celulas
X (um)	Y (um)	TIPO	PB
144.889	165.889	6	0.7
312	105.444	6	0.7
287.111	112.556	6	0.3
280	161.444	6	0.3
232.889	102.444	6	0.3
311.556	159.111	5	1
329.778	176	5	1
277.778	215.111	5	1
191.556	185.778	5	1
176.889	150.222	5	1
191.556	109.778	5	1
172.444	204.333	5	1
179.111	243.667	5	1
293.333	297	5	1
169.778	344.778	5	1
270.667	499.111	5	1
512	95.111	5	1
422.222	104.889	5	1
367.111	48.889	5	1
631.556	196.444	5	1
629.333	320.556	5	1
272.889	381.889	5	1
448.444	391.667	5	1
407.556	386.333	5	1
605.778	64	5	1
571.111	40.889	5	1
225	122.222	5	1
244.111	304.667	5	1
282.333	428.222	5	1
185.444	440.667	5	1
145.444	470.889	5	1
348.556	409.444	5	1
383.222	301	5	1
341.444	220.667	4	1
464.556	195.778	4	1
352.556	74.222	4	1
330.778	38.222	4	1
314.778	52.889	4	1
270.333	62.667	4	1
147.222	126.667	4	1
149.444	397.333	4	1
254.778	538	4	1
325.444	482.889	4	1
380.111	518	4	1
295.667	446	4	1
410.778	234.333	4	1
385.889	52.889	4	1
632.444	141.778	4	1
588.444	124.444	4	1
603.556	247.333	4	1
438.222	285.111	4	1
438.222	338.444	4	1
472	353.556	4	1
658	297.222	4	1
578.444	319.444	4	1
707.778	218.333	4	1
723.778	56.889	4	1
723.778	20.889	4	1
456.222	42.667	4	1
426	73.333	4	1
497.556	60	4	1
559.333	177.222	4	1
605.556	295	4	1
441.111	229.444	4	1
653.111	329.667	4	1
576.222	410.556	4	1
562	454.556	4	1
548.667	534.556	4	1
711.778	605.556	4	1
430.444	530.222	4	1
397.556	564.444	4	1
484.222	419.111	4	1
597.556	194.889	4	1
403.778	14.222	4	1
409.556	28	4	1
647.778	78.667	4	1
719.333	115.111	4	1
627.778	405.444	4	1
634	367.667	4	1
654	392.556	4	1
354.444	394.778	4	1
535.778	343.667	5	0.5
535.778	370.778	5	0.5
509.111	342.333	5	0.5
540.667	253.889	5	0.5
457.556	60.444	5	0.3
671.778	118.222	5	0.3
722	171.111	5	0.3
635.333	278.667	5	0.3
643.333	451.556	5	0.5
697.111	504.444	5	0.5
416.222	444.889	5	0.7
342.556	289.111	5	0.7
181.667	374.889	5	0.7
88.778	315.333	5	0.3
250.222	156.778	5	0.3
195.111	268.778	5	0.5
352	110.667	5	0.3
383.111	105.778	5	0.7
765	61.333	5	0.5
765.444	134.222	5	0.7
766.778	24	5	0.3
809.889	36.889	5	0.7
753	309.667	5	0.3
830.778	287	5	0.5
832.556	258.556	5	0.5
827.222	375	5	0.5
645.889	603.778	5	0.3
561.444	618.889	5	0.3
623.222	529.111	5	0.7
797.889	524.222	5	0.5
831.222	528.667	5	0.3
398.778	373	5	0.7
241	472	5	0.5
226.778	516	5	0.5
314.333	517.333	5	0.3
290.778	560.444	5	0.3
391.222	621.111	5	0.3
434.333	590.889	5	0.3
251.222	630	5	0.3
199.667	538.444	4	1
198.333	579.778	4	1
230.333	586.889	4	1
198.333	607.778	4	1
282.778	602.889	4	1
259.222	594.889	4	1
233.444	436.667	4	1
220.111	245	4	1
237.889	224.556	4	1
429.444	201.556	4	1
337	269.444	4	1
351.667	600.222	4	1
338.333	570	4	1
459.222	454.889	4	1
218.444	367.778	4	1
253.111	335.333	4	1
418	165.667	4	1
456.667	151.889	4	1
294.444	191	4	1
290	253.333	4	1
247.333	71.111	4	1
566.889	140.444	4	1
588.667	77.333	4	1
742.222	104.444	4	1
710.222	46.667	4	1
688.444	106.667	4	1
686.667	165.333	4	1
753.778	208	4	1
564	256.444	4	1
548.444	303	4	1
465.333	304	4	1
697.333	484.444	4	1
665.333	479.556	4	1
668.444	534.444	4	1
565.778	568.222	4	1
589.333	424.333	4	1
589.333	388.333	4	1
121.222	136	4	1
187.444	84.444	4	1
355.889	518.889	4	1
383.889	190	4	0.3
312.333	78.222	4	0.3
207.444	66.667	4	0.5
247.889	40.889	4	0.5
144.333	100.444	4	0.5
285.667	27.556	4	0.5
354.556	16.444	4	0.5
405.222	382.889	4	0.5
572.667	56	4	0.7
627.333	18.667	4	0.7
436.667	138.222	4	0.5
448.222	249.778	4	0.7
471.333	213.778	4	0.7
385.111	249	4	0.7
518	384.667	4	0.3
476.667	372.444	4	0.5
449.111	499.222	4	0.3
617.556	440.556	4	0.7
622	456.111	4	0.3
498.889	556.222	4	0.7
486.889	548.222	4	0.3
517.111	614.444	4	0.5
470.889	606.444	4	0.5
300.222	373.222	4	0.5
737.778	85.333	4	0.5
743.111	155.556	4	0.5
753.778	185.333	4	0.5
768.889	370.556	4	0.5
799.111	441.556	4	0.3
755.111	514	4	0.3
754.667	551.889	4	0.3
698.222	558.556	4	0.7
776.444	599.333	4	0.3
680	572.222	4	0.7
690.667	231.444	4	0.7
636.444	243.889	4	0.5
517.333	109.778	4	0.5
513.333	138.667	4	0.5
536.889	420.556	4	0.3
825.333	589	4	0.3
719.111	451.222	4	0.3
736.444	439.222	4	0.7
699.111	331.667	4	0.5
791.556	212.556	4	0.7
790.667	104.111	4	0.3
838.222	133.778	3	1
820.889	106.222	3	1
833.333	26.667	3	1
846.667	68.889	3	1
809.778	258.667	3	1
779.111	252	3	1
761.333	251.556	3	1
583.111	229.333	3	1
692.444	199.111	3	1
712.889	206.222	3	1
731.556	323.556	3	1
797.333	309.778	3	1
820.444	324.444	3	1
783.556	346.667	3	1
797.333	380	3	1
749.333	359.556	3	1
729.333	364		1
703.556	392.444	3	1
699.111	372.889	3	1
605.778	609.556	3	1
738.667	469.444	3	1
780.889	441.889	3	1
770.222	453.889	3	1
540	504.556		1
532.889	539.667	3	1
589.778	463.778	3	1
516.889	422.889	3	1
556	398	3	1
578.667	329.889	3	1
647.111	217.667	3	1
721.333	243.111	3	1
695.111	288.444	3	1
656.889	184	3	1
517.778	23.111	3	1
535.111	30.667	3	1
212.333	288.556	3	1
424.778	513.111	3	1
392.778	602	3	1
221.667	525.889	3	1
395.889	322.778	3	1
371	249	3	1
217.667	159.667	3	1
229.111	399.444	3	1
250.444	426.111	3	1
321.556	408.778	3	1
237.111	561.111	3	1
422.889	629.111	3	1
374.889	441.556	3	1
282	460.667	3	1
320.222	470	3	1
338.889	338.222	3	1
291.333	332	3	1
179.333	293.444	3	1
146.889	321.667	4	0.3
196.222	323.889	4	0.7
162	222.111	4	0.7
414.889	463	4	0.5
354.889	186	4	0.5
317.556	130	4	0.5
226	59.778	4	0.7
373.111	206.222	4	0.3

limite tejido
X (um)	Y (um)
91.667	88.889
110.333	85.778
120.556	81.333
134.333	74.222
152.556	64
171.222	49.333
187.667	34.667
202.333	24.444
217.444	17.333
221	7.111
236.111	4.444
 

limite lesion

vaso
X (um)	Y (um)
793.778	47.111
796	39.556
807.556	41.778
811.556	53.333
814.667	71.556
814.667	86.667
815.111	97.778
813.778	110.667
818.222	116.889
827.111	125.333
831.556	141.778
828.444	174.222
831.111	198.222
830.222	222.667
818.667	240.444
805.333	225.778
798.667	208.444
792.889	198.667
789.778	180
792	167.111
791.111	143.556
793.333	124
795.111	109.333
797.778	92.444
789.333	83.556
791.111	64.444
796.444	52.444

vaso
X (um)	Y (um)	
666.222	595.111
504.444	455.667
515.111	204.222
521.778	205.111
528.889	217.556
533.333	231.778
539.556	242.444
538.222	264.222
544	290.444
545.778	321.111
536	334.889
525.778	348.111
519.556	345
523.111	329
526.222	314.333
531.111	300.556
534.222	285.444
532.889	272.111
527.556	248.111
522.222	229.889
520	213.889

vaso
X (um)	Y (um)
116.111	116
116.111	122.222
118.333	144.889
124.111	164.444
124.556	177.333
133.889	200.889
133.444	230.222
137.889	249.778
133	274.222
138.333	294.667
151.222	304.889
158.778	304.889
160.111	288
159.222	260
151.667	239.111
148.556	212.889
148.556	190.667
137.889	171.111
132.111	154.222
127.222	147.111
122.333	137.333
119.222	130.667
121	124.889

foto 14
pin 7
X (um)	Y (um)
178.667	252.556

pin 9
X (um)	Y (um)
207.333	125.333

pin 10
X (um)	Y (um)
852	101.333

celulas
X (um)	Y (um)	TIPO	PB
214	285.667	5	1
224.333	291.333	5	1
260.333	314	5	1
277.667	237.667	5	1
246	174	5	1
277.333	133	5	1
650.333	136.333	5	1
706.667	200	5	1
697.667	208	5	1
580.333	158	5	1
575.333	222.667	5	1
642	348	5	1
467.333	346.333	5	1
566.333	309	5	1
574.667	298.333	5	1
373.667	341	5	1
349.333	311	5	1
354	365.333	5	1
263.333	395.667	5	1
399	157.333	5	1
212	123.667	5	1
176.667	354	5	1
176	382.667	5	1
230	422.667	5	1
271	473	5	1
174.667	456.333	5	1
180.333	517.667	5	1
240.333	500.333	5	1
367	390.333	5	1
328.667	481	5	1
705	306	6	0.7
716.667	289	6	0.5
681	330.333	6	0.7
710.667	353	6	0.7
581	379	6	0.7
618.667	392.333	6	0.7
511.667	330	6	0.5
523.333	293	6	0.5
554.667	265.333	6	0.5
627	274.667	6	0.5
540	388.333	6	0.5
540.667	354.333	6	0.5
635.333	210	6	0.5
588.667	409.333	6	0.7
570	433.333	6	0.7
404.333	421.667	6	0.3
338.333	411	6	0.3
768.667	195.333	6	0.5
812.333	146	6	0.5
805.333	183	6	0.5
835	242	6	0.5
772	145.667	6	0.3
772	230.667	5	0.3
761	236.667	5	0.3
732.667	170	5	0.7
648.333	176.667	5	0.7
611.333	183	5	0.5
762.333	266	5	0.7
786.333	353.667	5	0.7
805	399.667	5	0.7
593	337.333	5	0.7
838	349.333	5	0.3
534	433.667	5	0.5
536.333	343.667	5	0.5
454.333	305.333	5	0.3
477.333	288.333	5	0.3
477.333	265.333	5	0.5
472.333	246.667	5	0.5
533	248.333	5	0.7
431	367	5	0.5
402.667	392	5	0.5
499.333	465	5	0.3
469	488.333	5	0.5
559.333	216	5	0.5
325	296.333	5	0.3
441.333	184.333	5	0.7
253.667	195	5	0.7
278	197	5	0.7
326.667	132	5	0.5
353.333	113.333	5	0.7
219	358.333	5	0.7
197.667	404	4	1
275.667	417.333	4	1
282	398.667	4	1
306.333	434.667	4	1
226.333	418	4	1
259.333	355.667	4	1
257.667	332	4	1
224.333	327.667	4	1
258.333	270.667	4	1
362.333	275.333	4	1
359	414.667	4	1
618.333	350.333	4	1
638	383.667	4	1
500.667	384	4	1
477.333	382.333	4	1
479	420.667	4	1
477.333	158.333	4	1
483.667	213.667	4	1
616.333	243.333	4	1
604.333	247.333	4	1
679.333	248.667	4	1
622.667	292.333	4	1
643.333	289	4	1
486.667	441.333	4	1
468.333	433.667	4	1
384	482.667	4	1
287.667	471	4	1
283	428.667	4	1
246	451.667	4	1
208.333	464.667	4	1
251	238.333	4	1
177	245.667	4	1
358	163.667	4	0.5
352.333	172.667	4	0.5
364.333	177.667	4	0.5
399	199	4	0.3
340.333	238	4	0.5
290	162.333	4	0.5
380	122.667	4	0.7
245.667	216.333	4	0.5
316.333	257	4	0.7
326.333	249	4	0.7
350.333	258.333	4	0.3
512	220	4	0.3
525.667	177.333	4	0.7
624	211.333	4	0.3
766.667	278	4	0.5
676	376	4	0.5
764.333	310.667	4	0.7
823	298.333	4	0.3
734.667	306.667	4	0.7
753	346.333	4	0.5
458	283.333	4	0.7
454.333	298.333	4	0.7
524	431.333	4	0.3
323	306.333	4	0.3
425.667	124.667	4	0.3
356.333	144.333	4	0.3
555.333	445.333	3	1
417.667	504	3	1
311.333	362.333	3	1
302.667	329.333	3	1
219.667	246.667	3	1
199	203	3	1
200	169.333	3	1
360.333	227.333	3	1
306	284.667	3	1
602.333	206	3	1
630.667	151.333	3	1
638.333	308.667	3	1
779.667	318.333	3	1
836.667	276.667	3	1
798.333	272	3	1
768.667	395.667	3	1
783	383	3	1
721.667	263.667	3	1
667	236.667	3	1
681	208.667	3	1
833	337	3	1
829.667	367.667	3	1
783.333	416	3	1
716	379	3	1
731.333	389.667	3	1

limite tejido 

limite lesion

vaso
X (um)	Y (um)
392.667	424
379.667	426.667
378	444.667
392	455.667
407.333	454.667
413	443.333
406.333	430.667
401	426.333

vaso
X (um)	Y (um)	
400	468
397.667	484.333
420.667	488.667
431.333	492
454	491.333
466	480.333
484	469.667
490	458
476.333	452
460.667	450.333
449	455
436.333	458.333
423.667	463.333
413.667	467.333

vaso
X (um)	Y (um)	
701.667	145.667
711	155
724.333	152.667
731.667	143.333
720	136.667
712	134.667
706.333	137.333

vaso
X (um)	Y (um)	
397.333	226
398.333	237
415.333	238.667
434.333	225.667
452.667	213
469.333	202.667
483	192.333
494.667	182.667
502	173.667
493.667	163.333
475.667	174.667
471.333	166.333
462.667	168.667
463.333	182
448	191
430.333	200
416	211
406	218

foto 15
pin 10
X (um)	Y (um)
136.556	153.667

pin 11
X (um)	Y (um)
137.222	13.333

celulas
X (um)	Y (um)	TIPO	PB
235.333	67.333	5	1
186.667	52	5	1
241	17.667	5	1
263	108	5	1
247.333	206.667	5	1
200	299.667	5	1
192	346	5	1
202.667	435.667	5	1
230	443.333	5	1
280	382.333	5	1
278	339.667	5	1
303.333	392.667	5	1
269.333	485.333	5	1
318.667	249	5	1
308.667	210	5	1
299	187	5	1
274	37	5	1
304	55.667	5	1
293.333	119	5	1
245.333	124	5	1
348	22.667	5	1
380	6.667	5	1
528.333	56.333	5	1
565	72.667	5	1
552.667	320.667	5	1
409.333	308.667	5	1
423	463.667	5	1
500	79.667	5	1
486.333	124	5	1
687.333	17.333	5	1
686.667	106	5	1
809	35	5	1
760	366.667	5	1
604	504.667	5	1
771.333	588.333	5	1
538.667	527.667	6	0.3
451.333	586	6	0.3
535.333	460	6	0.3
381.333	403.667	6	0.5
672.667	533.333	6	0.5
803.333	407	6	0.7
769.333	154.333	5	0.7
683.333	189.667	5	0.7
674.667	172.667	5	0.7
606.333	113	5	0.3
700.667	44	5	0.3
636.333	599.667	5	0.3
667.667	599	5	0.5
616.333	432.667	5	0.5
413.333	245.333	5	0.7
501.333	231	5	0.5
541.333	206.667	5	0.5
490	196.333	5	0.5
555.667	32	5	0.5
584.667	46.667	5	0.5
623	38.333	5	0.5
451.667	74.667	5	0.5
417.667	82.333	5	0.7
347.667	144.667	5	0.7
354.333	130	5	0.3
362	227	5	0.7
377.667	246.667	5	0.3
411	340	5	0.7
350.667	361.333	5	0.7
414	481.333	5	0.7
361.667	489.333	5	0.5
475.667	516	5	0.5
467.333	395	5	0.5
502.667	364.333	5	0.5
488.333	320	5	0.3
450.667	242.333	5	0.3
461	153	5	0.3
474.667	143.333	5	0.5
372.667	318	5	0.3
388	333	5	0.5
313.667	345.333	5	0.5
762.333	78.667	5	0.3
758.667	35.333	5	0.3
808.667	84.333	5	0.3
808	105.333	5	0.7
848.333	102	5	0.7
774	210.667	5	0.5
702	185.667	4	1
743	159.667	4	1
812	193	4	1
821.667	224.667	4	1
800	231.667	4	1
772	235	4	1
602	251.667	4	1
699	266.667	4	1
696	293.667	4	1
709	349.333	4	1
733.333	425	4	1
668.667	500.333	4	1
713.333	511	4	1
824	539.667	4	1
632.333	633	4	1
757.667	396.667	4	1
685.667	515	4	1
664.333	373.333	4	1
676.667	331.333	4	1
748.667	338.333	4	1
657.667	337	4	1
548.333	380	4	1
575.667	380.333	4	1
532.667	304	4	1
612.667	235	4	1
644	225	4	1
537	231	4	1
645.333	80	4	1
733.333	136	4	1
788.667	459.667	4	1
785.667	490.667	4	1
550.333	492.333	4	1
492	466.667	4	1
478	493	4	1
403.333	384.333	4	1
508	326.333	4	1
494.667	354.667	4	1
409	47.333	4	1
373.667	57	4	1
556	524.333	4	1
480.333	432	4	1
324.333	424.667	4	1
341.333	395	4	1
306	314.667	4	1
248.667	349.667	4	1
347.667	203	4	1
343.667	85.333	4	1
291.667	156.667	4	1
212	175.333	4	1
219.667	191.333	4	1
347	518.667	4	1
364.667	523.667	4	1
283	497	4	1
213	250	4	1
242.667	253.667	4	1
249	463.667	4	1
800.333	275	4	1
686.667	227.333	4	0.3
730.667	185.333	4	0.3
637	253.667	4	0.3
645.333	274.333	4	0.3
818.333	340	4	0.5
820.667	359.667	4	0.5
830.667	460.667	4	0.5
816	531	4	0.5
839.667	487.667	4	0.5
846.333	510.333	4	0.7
761	560	4	0.5
669.667	557.667	4	0.3
723	568.333	4	0.3
718.333	585.333	4	0.7
581.333	154.333	4	0.7
656.667	158.667	4	0.7
565.667	225.333	4	0.7
527.333	278	4	0.3
676.667	441.667	4	0.3
533.667	425	4	0.3
497	559	4	0.3
572	564.667	4	0.5
598.667	523	4	0.5
528.333	624	4	0.5
437.667	542	4	0.5
163.333	405.667	4	0.3
108.333	402	4	0.3
416.667	278.333	4	0.3
399.333	282	4	0.3
461.667	232	4	0.3
305.333	72.667	4	0.3
438	204.333	4	0.5
417.667	517.333	4	0.5
374.667	468.667	4	0.5
737	497	4	0.5
727.333	45	4	0.5
544	89.333	4	0.7
491.667	58.333	4	0.5
819.667	571.667	4	0.7
767	449.667	3	1
751	313.333	3	1
845.667	259.667	3	1
734.667	211.333	3	1
777.667	249	3	1
810	268.333	3	1
673	414.333	3	1
705	396.333	3	1
696	588.667	3	1
626.333	514.333	3	1
715.667	481.333	3	1
612.333	608.667	3	1
635.667	174.333	3	1
417	398.667	3	1
434	427.667	3	1
441	312.667	3	1
488.667	308.667	3	1
401	119	3	1
434	17	3	1
279	64.333	3	1
421.333	161	3	1
230	321.667	3	1
275.333	300.333	3	1
274	457.667	3	1
312.667	522	3	1
403	510.667	3	1
242.667	308.667	3	1
191	116.667	3	1
424.333	215.333	3	1
438	115.333	3	1
343.667	114	3	1
725	26.333	3	1
747	31.667	3	1
773.333	118.333	3	1
703.667	428.667	3	1
761.333	269	3	1
793.333	311.333	3	0.5
813	302.667	3	0.5
620.333	361.667	3	0.5
644	476	3	0.5
728.333	509.333	3	0.5
755.667	490.333	3	0.3
760.667	525.667	3	1
592.333	451	3	1
546.667	470	3	1
645	464.667	3	1
580	268	3	1
628.667	307	3	1
547.667	164	3	1
516	131	3	1
454.667	360.333	3	1
439.333	376.667	3	1
435	398	3	1
688	475.667	3	1
569.333	405.667	3	1
565.667	417.333	3	1
549.667	402.667	3	1
565.333	103.667	3	1
609.333	160	3	1
506.667	422	3	1
468.333	471.333	3	1
587	472.333	3	1
347.333	286.667	3	1
376.667	286	3	0.3
367.667	266.667	3	0.7
325.333	281.333	3	0.7
308.667	262.333	3	0.3
431	105.333	3	0.3
377	94.667	3	0.5
389	88.333	3	0.5
441.667	448.333	3	0.5
345	416.667	3	0.7
602.333	151	3	0.3
653.667	444.333	3	0.3
569.333	585.667	3	0.7
509.333	580.333	3	0.5
789.667	511.333	4	1
741	585	4	1
768.333	615	4	1
803.333	632	4	1
655.667	625.333	4	1
711.333	637.333	4	1
614.667	550.333	4	1
609.667	572.333	4	1
585	621.667	4	1
844.333	578	4	1
437	554.667	4	1
495.667	523.667	4	1
502.333	608.667	4	1
476.333	616.667	4	1
572.333	510.333	4	1


limite tejido 

limite lesion

vaso
X (um)	Y (um)
206	446
209.333	461.333
217.667	466.667
229	470.333
236.667	466
232.667	457
226.667	447
221.333	439.333
214.333	439

vaso
X (um)	Y (um)	
306	456
305.667	466.333
315.667	474.667
322.667	471.333
323.667	460.667
322	454
311.667	449.667

vaso
X (um)	Y (um)	
238.333	403.667
241.667	421
252	420.333
261	411.667
254	403.667
250.333	403

vaso
X (um)	Y (um)	
236.667	356.667
232	362.667
236.333	370.333
248	366.667
245.333	358.333

vaso
X (um)	Y (um)	
335.667	299.667
331	303.667
330.667	315.667
344	318.667
348.667	311.333
350.333	300

vaso
X (um)	Y (um)	
364	211
356	206.667
347.333	210
347	217.333
357	220.333
363	215.333

vaso
X (um)	Y (um)	
291.667	139.333
301.667	131.667
318	124.333
331	127
333	137.333
327.667	142.667
310.333	144.333
299.333	148

vaso
X (um)	Y (um)	
289.667	8
283	18.667
293	31
306	33.333
314.333	27.667
322	19
319.667	4.667
302.667	2

vaso
X (um)	Y (um)	
459	89
468.667	86.333
477.333	74.667
484.667	65.333
488.667	53.667
486	42.667
489.667	31
479	33
475.667	46.667
465.333	54.333
464.333	72
460.333	74
451	84.667

vaso
X (um)	Y (um)	
407	255.667
404.333	262.333
410.333	273
416.333	270.333
430	261.333
427.667	250
420.667	249.333
413	252.333

vaso
X (um)	Y (um)	
511	172.667
506.667	185.333
516.667	189.667
525	183
525.333	173.667
520.333	169.333

vaso
X (um)	Y (um)	
574.333	195.333
573.333	205
577.333	210.333
585.667	211.667
600	206.667
597	191.667
585	188

vaso
X (um)	Y (um)	
623.667	86.333
632.667	76.333
635.667	66.333
619	49.333
603	43
596.667	52
579.667	55.333
580.333	65.333
593.333	74.333
594.667	88.667
588	105.667
592.333	118.667
601.667	110.667
605	98.667
619	91.667

vaso
X (um)	Y (um)	
743.333	248
737.333	249.667
733.333	256.333
732.667	269
742.667	272.667
756.667	270.333
758.333	258
755.667	251

vaso
X (um)	Y (um)	
581.333	393.667
584.333	409
589.667	415.667
604.667	415.667
617.667	407.333
627.333	396.333
635	385.333
623	386.667
606	390
598	395
588.667	395

vaso
X (um)	Y (um)	
725.667	316.333
725	324.667
735.333	331
745.333	320.667
737	313

vaso
X (um)	Y (um)	
652.333	302.667
656.667	319
668.333	311.333
665.333	297
657.333	299

vaso
X (um)	Y (um)	
631.333	342
634.667	356.333
646	355.667
651.667	347.667
649.333	337.667
639.667	338.333

vaso
X (um)	Y (um)	
591	343.333
594.333	360.667
605.333	363.667
616	360.333
623.333	344.333
618.667	335
610	321.333
601.667	323
596.333	339.333

vaso
X (um)	Y (um)	
739	171.333
738.667	183
751	192
756	186
756.333	173.667
748	170

vaso
X (um)	Y (um)	
686.667	80.333
675.667	91.333
677.333	100
688.333	99
697.333	95.333
698.333	84

vaso
X (um)	Y (um)	
798.333	5.667
793.667	19
804	19.667
812.667	11
807.667	2

vaso
X (um)	Y (um)	
807	408.333
800.333	417.333
796.333	428.667
803.333	439.667
812.667	437.667
822	430
820.667	419.667
820.667	406.667
816.333	405.333

vaso
X (um)	Y (um)	
606.667	436.667
601.333	444.333
605	453
617.333	451
617.333	443.333

vaso
X (um)	Y (um)	
607	462.333
605.333	478.667
613.333	474.333
615	464.333

vaso
X (um)	Y (um)	
687.667	341.333
684.333	350
689.333	353.667
696.667	351.333
695.333	343

vaso
X (um)	Y (um)	
722	295.667
719.333	303.333
731	309.667
733.667	298.333

vaso
X (um)	Y (um)	
721.333	221.667
729	234.667
740.667	231.333
742	218.333
728.667	215.667
775.667	82.667
757.333	92.333

vaso
X (um)	Y (um)	
752.333	100.667
774	103.333
779	94.667
780.667	88.333

vaso
X (um)	Y (um)	
374.333	164
363.667	171.333
361.333	180.333
362	198.667
375.333	195
383	187
387.667	179
388.333	169.667
386.333	163.333
449	157.667
436.667	160.667
436.333	170.667
438.333	174.667
451.667	177
453.333	166.333


foto 16
pin 11
X (um)	Y (um)
91.667	527.111

celulas
X (um)	Y (um)	TIPO	PB
339.667	140.667	5	1
317	293.667	5	1
256.333	258.333	5	1
217.333	166.333	5	1
152.667	456.667	5	1
158	369.333	5	1
321.667	41	5	1
301	143.333	5	1
274.667	505.333	5	1
209.667	497.667	5	1
126.333	521.667	5	1
257.333	424.333	5	1
193.333	308.667	5	1
197.111	228.556	5	1
243.556	129.333	5	1
238.222	64	5	1
257.333	81.778	5	1
502.222	494.667	5	1
525.111	498.667	5	1
580.222	478	5	1
612.556	494	5	1
598.778	453	5	1
563.444	434.556	5	1
667.444	327.667	5	1
574.556	259.222	5	1
525.667	94.889	5	1
622.778	163.778	5	1
671.667	58.444	5	1
543.667	43.778	5	1
531	20.889	5	1
667.889	17.778	5	1
820	30.778	5	1
827.111	49.222	5	1
780.222	63.444	5	1
733.111	159.778	5	1
836.667	294.889	5	1
808.444	355.222	5	1
850.667	357.222	5	1
798	467.444	5	1
704	441.444	5	1
736.222	409.444	5	1
771.778	424.111	5	1
679.556	526	5	1
728.889	552.556	5	1
465.222	391.111	5	1
505	434	5	1
446.556	177.444	5	1
376.111	29.111	5	1
411	130.444	5	1
514.111	129.778	5	1
572.333	586.556	5	1
490.889	347.778	5	0.3
480	195	5	0.3
564	63.556	5	0.3
643.333	48	5	0.3
444.222	42.222	5	0.5
468.444	24.444	5	0.5
486.667	41.556	5	0.3
377.556	248.111	5	0.3
406	240.111	5	0.3
404.889	437.889	5	0.7
268.444	395.111	5	0.7
360	368.333	5	0.5
393.778	151.111	5	0.5
300.333	23.111	5	0.5
161.667	40.889	5	0.5
255.889	20.889	5	0.3
478.444	115.556	5	0.3
614	38.667	5	0.3
834.222	429.222	5	0.7
595.111	189.333	4	1
564.889	222.222	4	1
692.444	178.222	4	1
758.667	216.444	4	1
818.667	166.667	4	1
756	93.333	4	1
720.889	112.889	4	1
705.778	109.333	4	1
687.556	30.667	4	1
577.778	100	4	1
608.444	116.889	4	1
646	100	4	1
370.889	204.889	4	1
397.111	199.111	4	1
374.889	106.667	4	1
443.778	112	4	1
546.889	137.778	4	1
520.222	165.333	4	1
504.222	220	4	1
309.111	111.111	4	1
338.444	112.444	4	1
357.556	68.444	4	1
327.333	66.667	4	1
311.333	186.667	4	1
208.667	83.556	4	1
168.222	73.333	4	1
272.222	73.778	4	1
353.556	311.111	4	1
309.111	376.444	4	1
427.333	407.556	4	1
457.556	440.889	4	1
395.778	511.111	4	1
394.444	547.778	4	1
465.556	458	4	1
241.111	477.111	4	1
182.444	240.889	4	1
231.333	44.444	4	1
426	537.778	4	1
379.778	388.667	4	1
805.333	107.111	4	1
848	92.889	4	1
792	42.667	4	1
669.333	294.778	4	1
776.889	229.889	4	1
650.222	382.333	4	1
652.444	417.444	4	1
751.111	477	4	1
591.556	531.222	4	1
447.333	499.556	4	1
490.889	279.111	4	1
503.778	266.222	4	1
515.333	239.778	4	1
540.222	222	4	1
409.556	94.667	4	1
275.222	532.222	4	1
313	452.222	4	1
189.889	109.333	4	1
458.778	532.222	4	1
671.889	114.222	4	0.3
702.111	89.333	4	0.3
722.556	82.667	4	0.3
700.333	7.556	4	0.3
605.222	144	4	0.5
644.778	121.778	4	0.5
653.222	225.778	4	0.5
443.444	242.667	4	0.5
357.556	165.444	4	0.5
286.889	145.889	4	0.5
371.333	449.444	4	0.7
366	294.444	4	0.5
630.111	304.667	4	0.7
587.444	339.333	4	0.5
730.667	250.889	4	0.7
788.444	196.667	4	0.3
803.111	60.889	4	0.3
801.333	315	4	0.7
581.778	377.111	4	0.7
604	254.444	4	0.7
718.222	235.778	4	0.7
772.444	503.333	4	0.7
829.333	504.222	4	0.5
797.778	514.889	4	0.5
671.111	482	4	0.5
692.444	467.778	4	0.3
615.556	435.333	4	0.5
624.889	522.889	4	0.7
538.222	522.889	4	0.5
528.444	294.222	4	0.5
620	4.889	4	0.5
592.444	30.667	4	0.7
579.556	22.222	4	0.3
410	486.111	4	0.7
554	325.556	4	0.5
534.444	324.667	4	0.3
466.444	47.556	4	0.5
498	64	4	0.7
346	265.111	4	0.5
270.889	177.222	4	0.7
339.778	171	4	0.5
251.333	186.111	4	0.5
201.111	269.333	4	0.3
415.778	281.889	4	0.7
280.222	300.333	4	0.7
230	349.333	4	0.7
272.667	132.889	4	0.7
197.111	24.889	4	0.3
446.444	301.444	3	1
470	277	3	1
480.667	238.778	3	1
288.667	235.222	3	1
301.556	211.667	3	1
237.556	221.889	3	1
289.111	351.667	3	1
198.889	350.333	3	1
172.667	132	3	1
172.222	206.667	3	1
265.556	473.111	3	1
283.778	470	3	1
295.333	404.667	3	1
334.889	385.111	3	1
176.222	431.333	3	1
219.333	390.889	3	1
210.444	475.778	3	1
216.222	529.556	3	1
425.111	69.333	3	1
773.111	120.444	3	1
762.889	265.333	3	1
662.889	211.556	3	1
735.333	133.333	3	1
723.778	377.222	3	1
758.444	375.444	3	1
758	356.778	3	1
782	317.222	3	1
754.444	293.667	3	1
721.556	319.889	3	1
498.889	379	3	1
558	374.111	3	1
563.333	362.556	3	1
718.444	273	3	1
619.778	477.778	3	1
632.667	575.333	3	1
601.556	565.556	3	1
799.667	250.889	3	1
669.444	254	3	1
655.222	276.667	3	1
600.556	287.778	3	1
592.556	317.111	3	1
671.667	159.444	3	1
630.778	193.222	3	1
527.667	192.333	3	1
566.778	190.556	3	1
536.111	276.667	3	1
823.667	280.111	3	1
445.444	354.667	3	1
715.222	204.444	3	0.5
722.333	185.778	3	0.5
746.333	198.222	3	0.5
692.111	360.667	3	0.5
696.556	339.333	3	0.5
739.222	344.667	3	0.5
753.444	319.778	3	0.5
725.444	518.778	3	0.5
753.889	520.111	3	0.5
477.889	548.222	3	0.5
507.222	514	3	0.5
498.778	408.222	3	0.5
621.444	401.111	3	0.3
606.778	422	3	0.3
629.889	382.889	3	0.7
360.778	486.889	3	0.7
353.667	429.111	3	0.5
153.222	404.222	3	0.7
378.444	370.111	3	0.7
416.222	358.556	3	0.5
258.444	314.111	3	0.3
230.889	307.444	3	0.3
223.333	323.444	3	0.3
262.889	201.667	3	0.3
290.889	189.667	3	0.5
361.111	100.111	3	0.5
213.111	135.111	3	0.7

limite tejido 

limite lesion

vaso
X (um)	Y (um)
330	226.778
328.222	240.111
337.111	254.333
350.889	246.778
348.222	233.889
341.556	227.222

vaso
X (um)	Y (um)	
464.667	134.667
461.556	144
470.889	153.333
473.111	142.667
471.778	129.778

vaso
X (um)	Y (um)	
400.222	388.556
393.111	399.222
406.444	409.889
414.889	406.778
418.889	397.444
412.222	389

vaso
X (um)	Y (um)	
349.556	496.667
363.333	494
369.556	498.889
383.778	502.444
386.444	518.444
377.111	528.222
366	522.889
362.444	529.556
345.556	536.222
330	534.889
337.111	522.889

vaso
X (um)	Y (um)	
342.889	507.778
484.222	433.556
475.778	446.444
488.667	460.667
498.889	455.333
499.333	439.778

vaso
X (um)	Y (um)	
443.333	328.556
455.778	319.667
463.778	332.556
472.222	345.444
478.444	372.111
472.222	381
463.333	376.111
457.556	363.222
457.111	350.778
446.889	344.111

vaso
X (um)	Y (um)	
553.556	8.444
553.556	17.778
555.333	32.444
563.778	34.222
570.889	24
570.444	13.333
564.222	5.333

vaso
X (um)	Y (um)	
735.333	563.778
514.889	332.111
510.889	317
505.556	310.778
498	309.444
487.778	313.889
490.889	325.889
499.778	337

vaso
X (um)	Y (um)	
737.556	313
728.222	315.667
726.444	335.222
738	329.889
503.778	86.222
494	81.778
486.889	96.889
498.889	102.667
510	101.333
