experiment

dia 0  //3 contralateral

espesor 100 //um

rata 1

area de lesion 0 //um2

celulas
x(um)	y(um)	Tipo	Pb
813.3333333	1368.444333	2	1
700.2223333	1347.555667	2	1
763.3333333	1325.555667	2	1
711.7776667	1315.111	2	1
734.889	1286.555667	2	1
761.111	1215.111	2	1
831.111	1194	2	1
837.3333333	1164	2	1
812.3333333	1154	2	1
851.7776667	1149.333333	2	1
882.6666667	1077.555667	2	1
885.6666667	1034.666667	2	1
910.111	1020.222333	2	1
1457.666667	872.7776667	2	1
1507.333333	843.889	2	1
1609.222333	898.7776667	2	1
1701.333333	875.2223333	2	1
1622	839.4443333	2	1
1568.222333	819.889	2	1
1764.444333	866.4443333	2	1
1739.333333	904.4443333	2	1
1669.333333	926	2	1
1858	969	2	1
1916.777667	859.4443333	2	1
2032.555667	883.6666667	2	1
2073.889	880.5556667	2	1
2197.444333	841.2223333	2	1
2297.666667	827.889	2	1
2156.444333	917.6666667	2	1
2449.666667	847.7776667	2	1
2724.666667	928.6666667	2	1
2864.444333	953.7776667	2	1
2830.889	963.3333333	2	1
2881.444333	1015.222333	2	1
3001	986.5556667	2	1
3268.222333	1127.666667	2	1
3233.555667	1149.666667	2	1
3219.666667	1196.555667	2	1
3484.111333	1695.555667	2	1
3275.444333	1935.333333	2	1
3173.889	1880.777667	2	1
3037.555667	1840.333333	2	1
2979	1835	2	1
2624.666667	1632.111	2	1
2656.444333	1664.111	2	1
2417.111	1648	2	1
2178.889	1640.555667	2	1
2230.666667	1607	2	1
2095.444333	1659.555667	2	1
2081	1661.777667	2	1
2005.222333	1707.555667	2	1
1857.889	1654	2	1
2069	1603.889	2	1
1796.889	1664.666667	2	1
1692.111	1707.333333	2	1
1544.666667	1732.889	2	1
1449.222333	1743.444333	2	1
1329.444333	1846.111	2	1
1312.444333	1915.111	2	1
1281.889	1975.777667	2	1
1261.666667	2018.222333	2	1
1175.666667	2217.666667	2	1
1142.111	2176.111	2	1
940.111	2499.889	2	1
848.889	2616.333333	2	1
698.6666667	2606.666667	2	1
604.7776667	2212.777667	2	1
558.6666667	2015.777667	2	1
616.5556667	1935.889	2	1
664.3333333	1898.111	2	1
1382.777667	1735.889	2	1
1500.555667	1649.333333	2	1
1633.222333	1620.444333	2	1
1686.777667	1573.444333	2	1
1576.889	1475.666667	2	1
1630.666667	1449.444333	2	1
1460.333333	1429.444333	2	1
1630.333333	973	2	1
1510.666667	1091.777667	2	1
1265.889	1208.555667	2	1
1287.222333	1319	2	1
1354.222333	1517.889	2	1
1318.555667	1557.222333	2	1
1534.111	1685.555667	2	1
1563	1687.111	2	1
1494	1577.777667	2	1
1614	1528.777667	2	1
2210.333333	1434.222333	2	1
2176.444333	1326.333333	2	1
2187.333333	1280.333333	2	1
2092.333333	1222.222333	2	1
2272.777667	860.111	2	1
3170.111	1911.666667	2	1
3275.555667	1795.666667	2	1
3198.666667	1761.222333	2	0.5
2820.222333	1450.111	2	0.5
3087.555667	1274.555667	2	0.5
3268	1310.111	2	0.5
3345.333333	1237.889	2	0.5
3322.666667	1205.444333	2	0.5
3454.111333	1174.555667	2	0.3
3307.222333	1117.889	2	0.5
3298.777667	1065.111	2	0.5
3005.222333	1099.555667	2	0.5
3035.222333	1102.666667	2	0.5
2873	1047.222333	2	0.7
2752.111	1137.666667	2	0.7
2455.666667	1408.111	2	0.5
2324.222333	1564.222333	2	0.7
2275.111	1555.111	2	0.3
2263.333333	1585	2	0.3
2298.777667	1383.111	2	0.3
2356.444333	1222.889	2	0.5
2369.333333	1189.111	2	0.3
2352.889	951.111	2	0.5
2476.666667	921.3333333	2	0.5
2239.444333	852.889	2	0.5
2274.666667	973.3333333	2	0.7
2082.777667	919.4443333	2	0.7
1720.333333	1150	2	0.7
1713.222333	1190.111	2	0.3
1695.222333	1241.222333	2	0.5
1565	1219.111	2	0.5
1530.555667	1208.889	2	0.7
1523	1363.666667	2	0.5
1477.111	1665.777667	2	0.5
1498.222333	1763.777667	2	0.5
1536	1770.444333	2	0.5
1234.222333	1830.666667	2	0.5
988.3333333	2353.333333	2	0.5
908	2468.111	2	0.5
629	1741.666667	2	0.5
595.889	1744.777667	2	0.5
679	1698.222333	2	0.5
733.5556667	1605.444333	2	0.3
996.2223333	1210.111	2	0.5
1220.777667	896.889	2	0.5
1319.555667	1014.555667	2	0.3
1440.889	896.5556667	2	0.7
1422.111	963.7776667	2	0.7
1572.889	906.111	2	0.3
1475.777667	883.889	2	0.5
1710.111	1062.222333	2	0.5
1480.777667	1104.777667	2	0.3
1431.777667	1290.666667	2	0.3
1666.666667	1544.111	2	0.3
1617.889	1678.111	2	0.5
2384.555667	1629.333333	2	0.7
2729.777667	1302.444333	2	0.5
2968.333333	1072.777667	2	0.5
2968.111	1047	2	0.5
3256.222333	1898.666667	2	0.3
3256.666667	1847.111	2	0.5
3321.333333	1938	1	1
3372.777667	1981.222333	1	1
3131.889	1899.444333	1	1
3125.889	1914.111	1	1
3149.555667	1759	1	1
3003	1776.333333	1	1
3059.333333	1767.222333	1	1
3103.333333	1544.889	1	1
3245.111	1521.222333	1	1
3212	1344.889	1	1
3163.444333	1123.111	1	1
3179.222333	1089.333333	1	1
3186.111	1162.666667	1	1
3091.666667	1168.333333	1	1
3069.777667	1075.444333	1	1
3027	1013.666667	1	1
3001.111	1434.111	1	1
2952.111	1513.444333	1	1
2836.333333	1574.222333	1	1
2741.889	1494.666667	1	1
2604.222333	1466.222333	1	1
2604.444333	1381.222333	1	1
2438.111	1553	1	1
2233.555667	1660	1	1
2152.222333	1574.222333	1	1
2209.889	1357.666667	1	1
1757.222333	1643.666667	1	1
1779	1645.666667	1	1
1826	1593	1	1
1877.333333	1479.222333	1	1
2037.777667	1387.444333	1	1
2118.889	1110.889	1	1
2049.777667	1114.889	1	1
2198.444333	1112.666667	1	1
2097.222333	964.5556667	1	1
2019.444333	907.6666667	1	1
2215	899.7776667	1	1
2143.555667	854.6666667	1	1
1779.666667	866	1	1
1575.333333	869	1	1
1338.222333	908.3333333	1	1
974	1009.555667	1	1
1105.555667	975.3333333	1	1
1016.666667	1282.111	1	1
1065.333333	1738.222333	1	1
1114	2275.333333	1	1
1022.555667	2452.444333	1	1
985.889	2459.777667	1	1
895.889	2583.555667	1	1
779.5556667	2484.222333	1	1
644.3333333	2479.777667	1	1
697	2271.333333	1	1
656.5556667	2281.777667	1	1
631.7776667	2192.666667	1	1
572.7776667	2159.111	1	1
474	2032.666667	1	1
606.5556667	1979	1	1
623.889	1986.333333	1	1
724.7776667	1916.111	1	1
674.889	1946.889	1	1
613	1775.444333	1	1
797.889	1765.333333	1	1
776	1580	1	1
573.7776667	1549.222333	1	1
588.4443333	1582.777667	1	1
529.4443333	1673.222333	1	1
545.2223333	1649.444333	1	1
838.2223333	1450.222333	1	1
787.7776667	1423.777667	1	1
876.7776667	1450.777667	1	1
901.2223333	1370.111	1	1
964.111	1402.777667	1	1
972.3333333	1413.666667	1	1
809.4443333	1276	1	1
851.4443333	1265.333333	1	1
902.2223333	1304.666667	1	1
864.6666667	1116.889	1	1
1101.555667	1182.444333	1	1
1021.777667	1157.333333	1	1
1148.889	1148.889	1	1
1202.666667	1077.111	1	1
1071.889	953.4443333	1	1
3508.111333	1247.889	1	1
3464.778	1281.222333	1	1
3587.778	1104	1	1
3322	1132.111	1	1
3255.333333	1187.333333	1	1
3276.666667	1154.222333	1	1
3183.666667	1038.333333	1	1
3049.555667	1181	1	1
3177.333333	1321.333333	1	1
2966.777667	1382.222333	1	1
3152.555667	1472.555667	1	1
3177.222333	1507.889	1	1
3057	1506.555667	1	1
2941.777667	1711.666667	1	1
2812.889	1706.555667	1	1
2895	1804.222333	1	1
2690	1412.111	1	1
2733.222333	1324.111	1	1
2779.555667	1120.333333	1	1
2927.111	994.6666667	1	1
2958	980	1	1
2619.444333	960.3333333	1	1
2604.333333	939.889	1	1
2451.555667	1114.666667	1	1
2550	1229.333333	1	1
2542.444333	1177.777667	1	1
2231	1563.777667	1	1
2201.222333	1534.222333	1	1
2133.889	1168.777667	1	1
2138.777667	1142.555667	1	1
2240	971.5556667	1	1
2219.111	940.4443333	1	1
2237.111	946.2223333	1	1
2233.889	875.7776667	1	1
2272.333333	901.111	1	1
2012.222333	1062.777667	1	1
2068	1183.333333	1	1
2034.666667	1177.777667	1	1
2078.666667	1222.666667	1	1
2045.777667	1215.555667	1	1
1918.555667	1417.777667	1	1
1945.555667	1540	1	1
767.7776667	2228.777667	1	1
947.7776667	2254.222333	1	1
1171.444333	1877.444333	1	1
1124.777667	1866.111	1	1
1169.444333	1856.555667	1	1
1280	1747.555667	1	1
1314.444333	1762.222333	1	1
1340.222333	1746.444333	1	1
1151.777667	1713.111	1	1
1273	1630.666667	1	1
1087.666667	1658	1	1
1265.111	1532.777667	1	1
1289.111	1352.666667	1	1
1490.444333	1370	1	1
1558.889	1125.111	1	1
1514	1138.666667	1	1
1602.555667	992.7776667	1	1

limite de lesion
x(um)	y(um)
493.3333333	2743.666667
484	2679.666667
481.3333333	2651.666667
482.6666667	2558.333333
476	2466.333333
453.3333333	2413
474.6666667	2359.666667
462	2290.666667
458	2221.666667
437	2142.666667
428	2068.666667
421	2026.666667
407	1967.666667
434	1920.666667
432	1857.666667
437	1785.666667
445	1740.666667
476	1658.666667
495	1616.666667
514	1563.666667
561	1485.666667
615	1429.666667
638	1392.666667
665	1335.666667
709	1272.666667
731	1224.666667
756	1152.666667
785	1136.666667
853	1051.666667
901	983.6666667
979	931.6666667
1031	890.6666667
1082	869.6666667
1131	812.6666667

limite superior
x(um)	y(um)
1204	811.6666667
1255	810.6666667
1312	824.6666667
1386	810.6666667
1467	816.6666667
1533	797.6666667
1597	800.6666667
1639	800.6666667
1659	777.6666667
1730	787.6666667
1763	787.6666667
1792	842.6666667
1804	876.6666667
1846	884.6666667
1860	830.6666667
1918	809.6666667
2026	838.6666667
2087	855.6666667
2184	823.6666667
2246	807.6666667
2277	794.6666667
2326	812.6666667
2383	810.6666667
2392	773.6666667
2436	749.6666667
2481	767.6666667
2489	796.6666667
2512	823.6666667
2536	834.6666667
2615	862.6666667
2672	905.6666667
2729	887.6666667
2755	864.6666667
2818	870.6666667
2853	894.6666667
2879	925.6666667
2909	947.6666667
2954	970.6666667
3014	941.6666667
3055	980.6666667
3116	964.6666667
3189	984.6666667
3263	946.6666667
3317	968.6666667
3342	1008.666667
3362	1047.666667
3379	1077.666667
3408	1093.666667
3481	1081.666667
3544	1038.666667
3588	1044.666667
3627	1045.666667

limite posterior
x(um)	y(um)
3631	1056.666667
3485	1452.666667
3569	1488.666667
3376	2014.666667

limite inferrior
x(um)	y(um)
3365	2025.666667
3307	2017.666667
3212	1980.666667
3156	1944.666667
3117	1891.666667
3077	1912.666667
3033	1911.666667
2980	1914.666667
2903	1905.666667
2828	1868.666667
2776	1842.666667
2736	1817.666667
2715	1802.666667
2651	1779.666667
2524	1753.666667
2418	1738.666667
2386	1748.666667
2280	1729.666667
2114	1722.666667
2000	1720.666667
1891	1720.666667
1849	1726.666667
1761	1744.666667
1678	1770.666667
1615	1781.666667
1561	1805.666667
1484	1859.666667
1382	1919.666667
1331	1987.666667
1303	2085.666667
1284	2142.666667
1252	2219.666667
1208	2282.666667
1173	2352.666667
1116	2416.666667
1060	2476.666667
980	2549.666667
929	2593.666667
881	2635.666667
814	2685.666667
734	2711.666667
662	2751.666667
603	2770.666667
518	2773.666667
490	2754.666667

limite vasos
x(um)	y(um)
674.111	2668.111333
655.889	2670.333333
648.7776667	2667.666667
645.2223333	2654.333333
654.111	2641.444667
655.4443333	2632.111333
673.2223333	2621.444667
680.7776667	2617.889
690.111	2631.222333
693.2223333	2652.111333
682.5556667	2659.222333

limite vasos
x(um)	y(um)	
617.6666667	2708.111333
631	2701
630.111	2690.778
619.4443333	2683.222333
610.111	2689.889
601.6666667	2699.666667
613.6666667	2709.889

limite vasos
x(um)	y(um)	
571	2657.889
575	2643.666667
571.889	2634.778
580.3333333	2632.555667
588.3333333	2629.444667
587	2619.222333
604.3333333	2618.778
620.7776667	2617
628.3333333	2604.111333
631.4443333	2588.111333
610.111	2583.666667
597.6666667	2589.444667
581.6666667	2597.444667
571	2607.222333
560.3333333	2615.222333
535	2610.333333
507.4443333	2598.778
498.5556667	2594.333333
496.3333333	2611.666667
497.2223333	2630.333333
507	2638.778
532.3333333	2644.111333
543	2642.333333
534.5556667	2651.222333
543	2665.889
559.4443333	2666.778

limite vasos
x(um)	y(um)	
507.4443333	2697.889
493.6666667	2692.555667
492.3333333	2702.333333
501.6666667	2718.778
517.2223333	2726.333333
536.7776667	2737.889
546.111	2754.333333
567.889	2762.777667
587	2749.444333
602.111	2740.111
601.6666667	2725
592.7776667	2714.778
571.4443333	2697.444667
551.4443333	2687.666667
537.2223333	2682.778
522.5556667	2695.222333
519.4443333	2705.444667

limite vasos
x(um)	y(um)	
712.3333333	2675.666667
698.111	2682.333333
693.6666667	2692.555667
689.6666667	2702.778
703	2703.666667
715.889	2695.222333
723	2690.333333
721.6666667	2685

limite vasos
x(um)	y(um)	
518.6666667	2581.444667
528	2585.889
537.7776667	2577.889
544.4443333	2572.111333
556	2554.778
548.889	2545
533.3333333	2531.666667
526.6666667	2519.222333
512.4443333	2523.222333
512.889	2530.778
508	2549
513.3333333	2563.222333
514.6666667	2576.555667

limite vasos
x(um)	y(um)	
509.3333333	2488.111333
516.889	2487.666667
524.889	2477
526.6666667	2461
526.6666667	2450.778
511.5556667	2452.111333
502.6666667	2466.333333
494.2223333	2466.333333
488	2474.333333
493.7776667	2480.555667
497.7776667	2484.555667

limite vasos
x(um)	y(um)	
534.6666667	2362.333333
528	2370.333333
520	2377
511.111	2373
506.2223333	2381.444667
511.111	2389
522.6666667	2391.666667
544	2396.555667
557.3333333	2386.333333
566.2223333	2378.333333
557.3333333	2366.778
548.889	2361.889

limite vasos
x(um)	y(um)	
540	2413.444667
527.5556667	2407.222333
512.889	2409.889
509.7776667	2422.333333
514.2223333	2433
525.7776667	2437.444667
540	2433.444667

limite vasos
x(um)	y(um)	
752.889	2496.111333
745.3333333	2489
737.3333333	2490.333333
735.5556667	2496.111333
739.111	2504.555667
746.2223333	2512.111333
755.111	2501.444667

limite vasos
x(um)	y(um)	
517	2362
532.111	2355.778
550.7776667	2351.778
573.4443333	2335.778
577.4443333	2312.666667
555.2223333	2298.889
539.2223333	2287.778
531.2223333	2283.333333
516.111	2291.778
506.7776667	2313.111333
512.111	2330.444667
522.3333333	2346.444667
509.4443333	2355.778

limite vasos
x(um)	y(um)	
627.7776667	2264.778
627.3333333	2248.777667
616.6666667	2243
595.7776667	2244.777667
591.7776667	2262.555667
598.4443333	2270.555667
614	2276.778

limite vasos
x(um)	y(um)	
518	2183.889
503.7776667	2174.111
493.111	2173.222333
480.2223333	2178.555667
470	2185.222333
475.7776667	2203.889
483.7776667	2206.111
497.111	2207
510	2203.889
515.7776667	2198.111

limite vasos
x(um)	y(um)	
536.2223333	2171.889
538	2154.555667
530	2150.111
518.4443333	2148.333333
521.111	2167

limite vasos
x(um)	y(um)	
670.4443333	2153.666667
658.889	2154.111
651.7776667	2164.333333
657.5556667	2177.222333
678	2177.666667
690.4443333	2186.111
706	2179.444333
715.7776667	2169.666667
715.3333333	2158.111
692.2223333	2155

limite vasos
x(um)	y(um)	
534.7776667	2039.222333
534.7776667	2024.111
521	2008.555667
508.5556667	2010.333333
503.2223333	2026.333333
497	2038.333333
518.7776667	2053.889
526.7776667	2051.666667

limite vasos
x(um)	y(um)	
542.7776667	1933
532.111	1923.666667
517.4443333	1916.111
499.2223333	1928.555667
496.5556667	1947.666667
505	1955.666667
521.889	1957.889
535.6666667	1944.555667

limite vasos
x(um)	y(um)	
726	1981.555667
745.111	1975.777667
746	1966
738	1953.555667
724.6666667	1954.444333
713.5556667	1962.889
720.2223333	1978

limite vasos
x(um)	y(um)	
692.6666667	1995.777667
694	1982.444333
672.6666667	1973.555667
653.5556667	1982
651.3333333	1992.666667
654	2010.889
671.7776667	2009.555667
682.4443333	2008.222333

limite vasos
x(um)	y(um)	
668.2223333	1928.666667
667.3333333	1917.555667
661.5556667	1906.889
640.6666667	1907.777667
635.3333333	1923.333333
637.111	1931.777667
653.5556667	1932.222333

limite vasos
x(um)	y(um)	
528.111	1889.444333
526.7776667	1877.889
522.7776667	1871.666667
507.2223333	1866.777667
503.2223333	1878.333333
504.111	1893.889
514.7776667	1899.222333

limite vasos
x(um)	y(um)	
758.111	1640.222333
759.889	1630
747	1618.889
727	1622
711.4443333	1617.111
699.4443333	1628.222333
711	1642
727	1641.555667
743.889	1642.889

limite vasos
x(um)	y(um)	
1054.333333	1361.333333
1004.111	1508.444333
1025.889	1516.444333
1080.111	1369.333333

limite vasos
x(um)	y(um)	
1250.222333	925.6666667
1244.889	911
1229.333333	913.6666667
1222.222333	926.5556667
1237.333333	936.3333333

limite vasos
x(um)	y(um)	
1366.222333	995.889
1357.333333	982.111
1347.555667	978.111
1332.444333	983.4443333
1329.777667	999.889
1342.222333	1003.889
1358.222333	1003

limite vasos
x(um)	y(um)	
1512	1054.555667
1527.555667	1055.444333
1532	1045.666667
1535.555667	1026.555667
1529.777667	1012.333333
1509.777667	1008.777667
1497.333333	1015.889
1492	1026.555667
1477.333333	1031
1484	1044.333333
1504.444333	1051.889

limite vasos
x(um)	y(um)	
1487.555667	966.5556667
1499.111	949.2223333
1498.666667	930.111
1480	911.889
1462.666667	907
1444.889	918.5556667
1447.111	928.7776667
1451.111	946.111
1463.111	964.7776667
1479.111	970.111

limite vasos
x(um)	y(um)	
1372.222333	933.3333333
1374.889	920.889
1363.333333	913.3333333
1356.666667	918.2223333
1358.444333	928.889
1364.222333	935.5556667

limite vasos
x(um)	y(um)	
1531.333333	973.7776667
1539.777667	956.4443333
1530.889	942.6666667
1517.111	940.4443333
1510.889	951.5556667
1509.111	964
1522.889	976

limite vasos
x(um)	y(um)	
1555.777667	900.111
1546.444333	896.5556667
1537.111	902.3333333
1535.333333	912.111
1552.222333	914.3333333
1556.666667	908.5556667

limite vasos
x(um)	y(um)	
1788.222333	927.6666667
1774.444333	917.4443333
1753.555667	914.3333333
1736.666667	929.889
1729.555667	938.3333333
1715.333333	956.5556667
1702.889	968.5556667
1702.889	982.3333333
1713.555667	993.4443333
1735.777667	990.7776667
1753.111	971.6666667
1751.333333	947.2223333
1770.889	942.7776667
1778.444333	973.4443333
1778.444333	989.4443333
1795.777667	991.6666667
1798	971.2223333
1797.111	949

limite vasos
x(um)	y(um)	
1674.111	1068.666667
1680.333333	1055.333333
1675.889	1043.777667
1671	1029.555667
1645.666667	1031.333333
1629.222333	1037.555667
1631	1051.777667
1641.666667	1059.777667
1655.444333	1078
1668.333333	1099.777667
1686.555667	1098
1688.333333	1077.555667

limite vasos
x(um)	y(um)	
1816.777667	1051.777667
1799.444333	1050.889
1794.111	1062
1793.666667	1074.444333
1807	1080.222333
1815.889	1071.333333
1817.666667	1063.777667

limite vasos
x(um)	y(um)	
1661.222333	1138.444333
1645.222333	1130
1631.444333	1138.889
1624.333333	1149.111
1628.777667	1165.111
1639	1171.333333
1647	1173.111
1654.555667	1166.889
1655	1157.555667
1654.111	1149.111

limite vasos
x(um)	y(um)	
1946.444333	1042.333333
1940.666667	1038.333333
1926.889	1028.111
1924.666667	1014.777667
1907.777667	994.3333333
1902.444333	985.4443333
1895.333333	959.2223333
1889.111	950.7776667
1889.555667	966.3333333
1885.555667	988.5556667
1892.666667	1014.333333
1895.777667	1028.555667
1895.333333	1052.111
1884.222333	1064.111
1882.444333	1083.222333
1894	1081.444333
1904.222333	1071.222333
1917.111	1057.889
1913.555667	1039.222333
1907.777667	1018.333333

limite vasos
x(um)	y(um)	
1920.666667	1029.889
1928.222333	1045.444333
1938.444333	1049.444333
1884.222333	1000.111
1881.111	1015.222333
1881.111	1026.777667
1889.555667	1047.222333
1874.889	1048.111
1865.555667	1054.777667
1861.555667	1072.555667
1872.666667	1084.555667
1882.444333	1077
1890	1058.777667
1899.333333	1043.666667
1896.222333	1023.666667

limite vasos
x(um)	y(um)	
1918	985
1919.333333	966.3333333
1916.666667	946.3333333
1918	925.4443333
1916.222333	904.5556667
1917.555667	892.5556667
1924.666667	879.6666667
1916.666667	869.889
1909.555667	866.3333333
1894.889	881
1884.666667	897
1874.889	913
1871.777667	921.4443333
1870.444333	935.6666667
1885.111	945.4443333
1899.333333	952.111
1901.111	971.6666667
1908.222333	987.6666667

limite vasos
x(um)	y(um)	
1854.889	1041.889
1854	1015.222333
1846.444333	1010.777667
1825.555667	1017.444333
1822.444333	1035.666667
1831.333333	1045.889
1845.555667	1051.666667

limite vasos
x(um)	y(um)	
1968.666667	894
1967.333333	908.2223333
1968.222333	931.3333333
1966	952.6666667
1964.666667	975.7776667
1961.555667	994.889
1965.111	1017.555667
1966	1031.777667
1970	1052.222333
1966.889	1072.222333
1968.666667	1089.555667
1968.666667	1114.444333
1969.111	1129.111
1974.889	1136.222333
1970.889	1123.777667
1974.889	1106.444333
1970.444333	1092.222333
1974.444333	1077.555667
1976.666667	1061.555667
1974.889	1030.889
1974.444333	993.5556667
1975.333333	965.5556667
1973.555667	942.889
1978	928.2223333
1977.555667	914.5556667
1974.889	891.4443333

limite vasos
x(um)	y(um)	
2051.333333	953.2223333
2051.777667	934.5556667
2045.555667	925.2223333
2035.777667	908.7776667
2022	909.2223333
2014.889	920.3333333
2010	939.889
2020.222333	952.7776667
2027.333333	960.3333333
2042	962.5556667

limite vasos
x(um)	y(um)	
2126	875.4443333
2121.111	863.889
2097.555667	862.111
2089.555667	872.7776667
2099.333333	889.2223333
2117.555667	887.889

limite vasos
x(um)	y(um)	
2147.333333	1004.777667
2116.666667	1004.333333
2106.444333	1023.444333
2116.222333	1047.444333
2135.333333	1048.333333
2165.555667	1067
2190.889	1085.666667
2200.222333	1075
2195.777667	1058.555667
2183.777667	1041.222333
2174	1024.777667
2166.444333	1016.777667

limite vasos
x(um)	y(um)	
2091.222333	1073.777667
2077	1080.444333
2071.222333	1088
2063.666667	1107.111
2060.555667	1130.666667
2061.889	1150.666667
2070.333333	1168.444333
2086.333333	1180.444333
2105.889	1184.444333
2113	1165.333333
2112.111	1142.666667
2106.777667	1116.444333
2106.777667	1094.222333
2099.222333	1081.333333

limite vasos
x(um)	y(um)	
2223.666667	1024
2220.111	1010.222333
2205	1001.333333
2196.111	1005.777667
2193	1022.222333
2204.555667	1033.777667
2219.666667	1032

limite vasos
x(um)	y(um)	
2113.111	1217.666667
2107.777667	1225.666667
2099.777667	1231
2106	1241.222333
2114.889	1234.111
2124.222333	1225.222333
2137.555667	1221.666667
2149.111	1204.777667
2144.666667	1190.555667
2134	1190.555667
2115.333333	1200.333333

limite vasos
x(um)	y(um)	
2035.777667	1219.444333
2036.222333	1211.889
2028.666667	1197.666667
2016.222333	1191.444333
1995.777667	1195.444333
1989.555667	1208.333333
2001.111	1230.111
2009.555667	1233.666667
2030.889	1234.555667

limite vasos
x(um)	y(um)	
1990	1287.889
1979.333333	1267
1954.889	1275.444333
1947.333333	1285.666667
1945.555667	1303.444333
1957.111	1322.555667
1974.444333	1316.333333
1983.333333	1308.333333

limite vasos
x(um)	y(um)	
1885.555667	1217.666667
1891.777667	1207.889
1883.777667	1190.555667
1871.777667	1188.777667
1855.333333	1203.444333
1860.222333	1217.666667
1865.555667	1231
1878	1232.777667

limite vasos
x(um)	y(um)	
1815.777667	1201.666667
1814.444333	1189.222333
1806	1186.555667
1795.333333	1196.333333
1795.333333	1212.777667
1806.889	1215.444333

limite vasos
x(um)	y(um)	
1763.777667	1314
1761.555667	1301.555667
1762.444333	1286
1743.777667	1294.444333
1738.889	1304.666667
1747.333333	1315.333333

limite vasos
x(um)	y(um)	
1945.555667	1366
1942.889	1384.222333
1946	1410
1966.889	1418.444333
1985.555667	1406.444333
1994.444333	1383.777667
1982.889	1357.555667
1966.889	1359.777667

limite vasos
x(um)	y(um)	
1889.555667	1298
1889.111	1317.111
1896.222333	1330
1918.889	1327.777667
1918.889	1313.111
1916.222333	1295.333333
1899.777667	1293.111

limite vasos
x(um)	y(um)	
1819.777667	1370.444333
1811.333333	1359.333333
1798.444333	1360.666667
1791.333333	1368.222333
1790	1383.777667
1800.666667	1393.555667
1817.111	1386

limite vasos
x(um)	y(um)	
1772.222333	1471.111
1768.666667	1457.777667
1761.111	1448.444333
1734.444333	1445.333333
1729.555667	1459.555667
1736.222333	1480.889
1755.777667	1484

limite vasos
x(um)	y(um)	
1722.444333	1535.555667
1719.333333	1520
1704.666667	1493.777667
1692.666667	1478.666667
1679.777667	1500.444333
1670.889	1510.666667
1682.444333	1525.333333
1700.666667	1540
1711.333333	1540.889

limite vasos
x(um)	y(um)	
1570	1461.777667
1578.889	1452
1573.111	1437.777667
1562.889	1440.889
1562	1459.555667

limite vasos
x(um)	y(um)	
1570.444333	1570.222333
1568.222333	1552.889
1557.111	1552.889
1544.222333	1562.666667
1545.111	1575.111
1556.222333	1577.333333

limite vasos
x(um)	y(um)	
1863	1520
1850.111	1520.444333
1837.222333	1530.222333
1841.222333	1552
1853.222333	1556
1869.222333	1548.444333
1899	1538.666667
1905.666667	1528
1903.889	1512.889
1899.444333	1500
1880.333333	1501.333333
1868.333333	1511.555667

limite vasos
x(um)	y(um)	
1924.333333	1539.111
1932.333333	1533.777667
1938.555667	1523.111
1939.444333	1502.666667
1917.666667	1493.333333
1914.555667	1503.555667
1912.777667	1522.666667
1919.889	1531.555667

limite vasos
x(um)	y(um)	
2002.555667	1451.333333
1992.333333	1442.444333
1973.666667	1445.555667
1970.555667	1457.111
1966.555667	1469.555667
1970.555667	1482
1983.889	1485.111
1995	1470

limite vasos
x(um)	y(um)	
2270.111	1453
2281.666667	1446.333333
2292.333333	1440.111
2293.666667	1425
2290.111	1416.555667
2269.666667	1405.889
2268.777667	1395.222333
2250.111	1387.222333
2232.777667	1403.222333
2235.444333	1424.111
2246.555667	1425.889
2269.666667	1429.889
2269.666667	1445

limite vasos
x(um)	y(um)	
2189.666667	1388.555667
2199.889	1397.889
2209.666667	1388.555667
2218.111	1381.444333
2219.444333	1367.222333
2196.777667	1379.222333

limite vasos
x(um)	y(um)	
2231	1302.777667
2218.111	1297.444333
2211.444333	1305.889
2214.111	1322.333333
2225.222333	1327.666667
2232.777667	1323.666667
2234.111	1314.333333

limite vasos
x(um)	y(um)	
1080.777667	1877.555667
1074.555667	1873.333333
1068.333333	1870.222333
1063	1865.333333
1059.666667	1856.222333
1055.666667	1854.222333
1045.444333	1852
1034.555667	1858
1030.111	1867.111
1025	1877.333333
1035.222333	1880.222333
1046.555667	1886.444333
1054.111	1886.444333
1065.889	1890.444333
1078.777667	1886.444333
1081.666667	1881.555667

limite vasos
x(um)	y(um)	
1161.222333	1796.444333
1152.333333	1798.222333
1141.889	1800.444333
1131.666667	1804.666667
1124.555667	1804.889
1111.444333	1814.222333
1094.111	1811.555667
1086.777667	1810.444333
1078.111	1811.555667
1082.111	1822.444333
1091.889	1821.111
1104.555667	1821.777667
1127.222333	1819.333333
1137.444333	1813.777667
1142.777667	1808.889
1161	1808.889
1171.444333	1804.222333

limite vasos
x(um)	y(um)	
1163	1788.444333
1145.889	1786.222333
1117.889	1778.666667
1100.111	1776.666667
1083	1787.333333
1072.777667	1796
1072.777667	1806.889
1091.889	1809.555667
1103	1810.444333
1117.444333	1812
1127.222333	1801.111
1140.555667	1802.444333
1151.222333	1797.333333
1155.889	1797.111

limite vasos
x(um)	y(um)	
1135.111	1756.555667
1123.111	1760.333333
1106.666667	1760.555667
1098	1749.889
1097.111	1733.666667
1108	1725.666667
1124.444333	1724.777667
1139.333333	1730.111
1146.444333	1746.111

limite vasos
x(um)	y(um)	
1170.444333	1750.777667
1175.111	1743.222333
1172.889	1733.889
1157.333333	1731.444333
1152.889	1747.666667
1152	1755.889
1162.666667	1757.222333

limite vasos
x(um)	y(um)	
1191.111	1748.333333
1178	1754.555667
1174.444333	1766.111
1177.111	1772.555667
1186.222333	1772.333333
1191.555667	1766.333333
1196.666667	1764.111
1195.111	1757.222333

limite vasos
x(um)	y(um)	
1240.889	2214.889
1250.444333	2206.222333
1255.333333	2195.777667
1249.777667	2181.555667
1232.666667	2176.222333
1212.222333	2179.555667
1202.444333	2209.777667
1214.444333	2213.777667
1225.333333	2222.222333
1237.555667	2222

limite vasos
x(um)	y(um)	
2029.777667	1270.111
2032.889	1263
2032	1256.111
2022.222333	1250.555667
2013.111	1255.444333
1999.777667	1260.777667
2003.777667	1274.777667
2009.333333	1278.777667
2023.555667	1277

limite vasos
x(um)	y(um)	
2225.777667	1088.777667
2221.333333	1079.889
2208.889	1086.777667
2207.111	1097.444333
2211.777667	1099.444333
2222.889	1098.777667
2226.444333	1095.889

limite vasos
x(um)	y(um)	
2273.333333	1087.444333
2266.222333	1077.222333
2258	1072.555667
2244.222333	1072.111
2244	1083
2252.444333	1091
2257.333333	1096.777667
2267.555667	1092.333333

limite vasos
x(um)	y(um)	
2318.666667	1142.333333
2320	1134.555667
2310.444333	1127.666667
2302.666667	1131.444333
2298.444333	1143
2304.444333	1148.111
2313.777667	1148.777667

limite vasos
x(um)	y(um)	
2337.777667	1050
2325.555667	1046.444333
2318.444333	1036.222333
2325.555667	1020.889
2345.777667	1020.889
2344.222333	1034.444333
2342.666667	1041.777667

limite vasos
x(um)	y(um)	
2421.333333	1079.555667
2430.889	1082.444333
2448.889	1076.222333
2449.333333	1062.889
2439.777667	1052.444333
2421.777667	1056.222333
2420.222333	1067.777667

limite vasos
x(um)	y(um)	
2529.666667	843
2531.666667	875
2535.666667	911
2528.666667	975
2517.666667	1020
2515.666667	1057
2536.666667	1051
2563.666667	1029
2592.666667	1001
2600.666667	964
2586.666667	919
2606.666667	877

limite vasos
x(um)	y(um)	
2148.666667	854
2162.666667	881
2176.666667	894
2201.666667	880
2202.666667	863
2186.666667	844

limite vasos
x(um)	y(um)	
2317.666667	831
2340.666667	858
2369.666667	852
2388.666667	845
2376.666667	831
2341.666667	829

limite vasos
x(um)	y(um)	
3521.666667	1105
3477.666667	1113
3476.666667	1134
3481.666667	1148
3515.666667	1148
3524.666667	1141
3530.666667	1129

limite vasos
x(um)	y(um)	
3512.666667	1173
3495.666667	1157
3476.666667	1153
3457.666667	1184
3446.666667	1204
3412.666667	1217
3412.666667	1255
3438.666667	1262
3459.666667	1255
3475.666667	1239
3491.666667	1217
3497.666667	1199

limite vasos
x(um)	y(um)	
3399.666667	1421
3379.666667	1393
3362.666667	1368
3344.666667	1386
3328.666667	1414
3345.666667	1435
3369.666667	1445
3395.666667	1440

limite vasos
x(um)	y(um)	
3286.666667	1598
3267.666667	1581
3248.666667	1574
3234.666667	1598
3244.666667	1626
3261.666667	1640
3282.666667	1633

limite vasos
x(um)	y(um)	
3129.666667	1431
3112.666667	1426
3075.666667	1448
3091.666667	1468
3092.666667	1487
3129.666667	1473
3149.666667	1461
3148.666667	1446

limite vasos
x(um)	y(um)	
2853	1505.555667
2846.333333	1499.555667
2835	1494.444333
2822.111333	1497.333333
2819.888667	1517.555667
2834.778	1528.666667
2839.666667	1540.222333
2849.888667	1555.777667
2862.555333	1561.777667
2863	1570.444333
2883.666667	1576.444333
2895	1575.111
2893.444667	1561.333333
2878.111333	1550.222333
2864.111333	1549.333333
2858.333333	1541.777667
2851.666667	1528.889
2848.333333	1513.111

limite vasos
x(um)	y(um)	
3011.111333	1517.777667
3008	1507.777667
2996	1503.777667
2977.333333	1502.889
2965.111333	1511.555667
2975.333333	1523.555667
2990.888667	1533.555667
3003.555333	1534.222333

limite vasos
x(um)	y(um)	
3135.555333	1580.444333
3132.888667	1565.333333
3117.778	1554.666667
3106	1550
3092	1554.444333
3090	1570.222333
3090.444667	1581.333333
3097.555333	1589.333333
3110.222	1590.444333
3124.888667	1588.666667
3133.555333	1586.444333

limite vasos
x(um)	y(um)	
3022.444667	1554
3001.333333	1552.889
2988.444667	1561.777667
2985.778	1575.777667
2993.778	1581.333333
3007.111333	1581.777667
3016.444667	1571.333333
3025.333333	1565.555667

limite vasos
x(um)	y(um)	
3055.555333	1484.222333
3045.778	1466.666667
3040.888667	1459.111
3025.111333	1464.222333
3021.333333	1477.333333
3023.778	1489.111
3030	1496.444333
3041.111333	1500
3054	1493.555667

limite vasos
x(um)	y(um)	
2903.888667	1483
2912.333333	1473.222333
2910.333333	1460.111
2893.222	1448.555667
2882.111333	1452.555667
2881	1469.222333
2882.333333	1480.777667
2895.222	1485.666667

limite vasos
x(um)	y(um)	
2844.111333	1627.111
2838.111333	1617.333333
2832.778	1611.777667
2821.444667	1611.555667
2810.333333	1613.111
2815.444667	1628.222333
2826.111333	1638.666667
2831	1645.111
2848.333333	1644.222333
2863.888667	1652
2877	1660.222333
2889.222	1658
2889.888667	1644
2883.888667	1635.555667
2873.666667	1635.111
2869	1645.555667
2850.555333	1638.889
2845.888667	1632.444333

limite vasos
x(um)	y(um)	
2898.666667	1736.555667
2907.333333	1733
2918.444667	1744.111
2922.888667	1762.111
2915.111333	1776.111
2900.222	1777.222333
2888.222	1769.889
2887.555333	1758.555667
2889.555333	1746.333333

limite vasos
x(um)	y(um)	
3095.666667	1726.889
3100.555333	1726.222333
3113	1715.777667
3109.666667	1705.111
3097.222	1696.222333
3083.888667	1704.222333
3086.778	1716.444333

limite vasos
x(um)	y(um)	
3404	1563.111
3398.444333	1561.333333
3390.222333	1565.111
3385.333333	1579.555667
3385.333333	1595.777667
3392	1601.777667
3398.666667	1599.111
3402.889	1584.444333
3406	1574.666667

limite vasos
x(um)	y(um)	
3462	1618.889
3445.333333	1613.777667
3440	1621.111
3438.666667	1639.555667
3449.333333	1641.777667
3459.111	1641.111
3465.111	1633.333333
3463.333333	1626

limite vasos
x(um)	y(um)	
3482	1460.222333
3481.111	1478.666667
3487.111	1497.333333
3495.111	1515.777667
3505.333333	1520.222333
3514.444333	1517.111
3531.333333	1506
3535.333333	1494.222333
3540.222333	1478.889

limite vasos
x(um)	y(um)	
3379.111	1276.444333
3374	1274
3364.444333	1290
3368.889	1306
3381.111	1311.333333
3393.555667	1303.111
3394	1293.555667
3392.222333	1284.889

limite vasos
x(um)	y(um)	
3287.777667	1340.444333
3280	1338.444333
3268.444333	1337.555667
3260.444333	1352.222333
3262	1367.333333
3271.777667	1368.889
3282.889	1367.555667
3292	1356.666667
3293.555667	1344.666667
	
limite vasos
x(um)	y(um)
3141.444667	1273.333333
3153.666667	1280.889
3174.778	1289.555667
3191.666667	1283.777667
3198.111333	1272.444333
3202.111	1258.666667
3195.444667	1241.111
3181.666667	1241.777667
3167.888667	1240.889
3140.333333	1240.222333
3130.778	1240.222333
3117.888667	1250
3112.555333	1250.444333
3106.333333	1256
3122.778	1258.444333
3134.333333	1260.444333
3142.111333	1267.555667
	
limite vasos
x(um)	y(um)
3037.666667	1205.222333
3023.444667	1200.777667
3006.333333	1203.222333
2996.111333	1211.889
2985.444667	1221.444333
2985.888667	1233.444333
2988.333333	1250.555667
3003.444667	1255.666667
3023.666667	1243.222333
3039.222	1228.555667

limite vasos
x(um)	y(um)	
3052.333333	1267.222333
3047.222	1248.111
3038.111333	1247.666667
3021	1252.555667
3013	1260.333333
3008.778	1273.666667
3016.555333	1285
3039.222	1283.666667

limite vasos
x(um)	y(um)	
2799.333333	1304.111
2789.778	1293.222333
2779.333333	1293.222333
2767.778	1295.666667
2755.778	1310.333333
2767.555333	1330.555667
2791.555333	1321.666667

limite vasos
x(um)	y(um)	
2950.778	1348.222333
2962.111333	1348.889
2971.222	1339.333333
2972.555333	1325.777667
2963.222	1318.222333
2951.666667	1320.444333
2947.444667	1328.889
2947.222	1340.889

limite vasos
x(um)	y(um)	
2916.555333	1356.222333
2929	1340.666667
2920.333333	1327.111
2903.444667	1327.555667
2897.444667	1334.666667
2903.222	1348.666667

limite vasos
x(um)	y(um)	
2712.555667	1211.666667
2717.444333	1197
2717.444333	1183.222333
2704.333333	1169
2690.333333	1166.777667
2679	1199.222333
2686.111	1206.777667
2704.333333	1213.889

limite vasos
x(um)	y(um)	
2762.333333	1224.777667
2757.444667	1218.333333
2749.666667	1216.333333
2735.444667	1223.444333
2732.111333	1244.555667
2738.555333	1251.889
2745.666667	1243.222333
2757	1229.222333

limite vasos
x(um)	y(um)	
2689.222333	1154.111
2684.777667	1138.333333
2662.111	1127
2627.666667	1135
2629.889	1167.222333
2649.889	1190.555667
2657.889	1191.444333
2669.222333	1188.777667
2681.444333	1171.889

limite vasos
x(um)	y(um)	
2668.111	1073.555667
2659.222333	1061.555667
2652.555667	1047.111
2634.111	1044.666667
2607.889	1051.777667
2616.111	1073.111
2635.444333	1091.111
2662.777667	1092.666667

limite vasos
x(um)	y(um)	
2793	1089.444333
2786.111333	1078.555667
2775.666667	1081
2767.888667	1089.222333
2768.778	1099.666667
2783	1105.889
2792.333333	1097.666667

limite vasos
x(um)	y(um)	
2793.222	1049.889
2792.333333	1041
2786.555333	1034.333333
2767.222	1035
2752.333333	1048.555667
2762.333333	1065.889
2786.778	1067.222333

limite vasos
x(um)	y(um)	
2716.889	984.111
2696.444333	987.6666667
2704	1005
2711.555667	1008.777667
2726.666667	1001

limite vasos
x(um)	y(um)	
2647.222333	909.4443333
2634.777667	896.111
2621.666667	895
2609.222333	909.889
2609.889	927.6666667
2621.889	938.5556667
2640.111	933.4443333
2646.555667	925

limite vasos
x(um)	y(um)	
2285.5	946.3333333
2285.333333	931.5
2278.666667	921.3333333
2267.333333	920.6666667
2256.5	934.3333333
2263.5	947.1666667
2273	950.8333333

limite vasos
x(um)	y(um)	
2244.666667	1227.5
2238.666667	1219.5
2219.5	1222
2214.333333	1240.5
2214	1256.5
2219.833333	1271.5
2230	1288.333333
2247.833333	1289.833333
2261.333333	1282.166667
2257.5	1264.166667
2250.666667	1246
2246.666667	1239.833333

limite vasos
x(um)	y(um)	
2380	1305
2371.666667	1290.833333
2352.166667	1281.833333
2342.666667	1290.5
2350.5	1312.5
2370.333333	1319.833333

limite vasos
x(um)	y(um)	
2392.5	1239.666667
2382	1233.5
2372.5	1241.5
2369.333333	1254.5
2375.5	1270
2387.166667	1277.166667
2398.833333	1270.833333
2
limite vasos
x(um)	y(um)399	1252.166667
	
2449.333333	1207.666667
2435.166667	1201
2412.5	1206.666667
2402.5	1229.166667
2411.333333	1253
2433.333333	1256.833333
2449.166667	1246.5
2454.166667	1230.666667
2455.333333	1218.5

limite vasos
x(um)	y(um)	
2381.833333	1174.5
2389.166667	1194.5
2403.666667	1193.5
2414.666667	1182.666667
2410.833333	1168.166667
2400.166667	1157.666667
2389.833333	1156.5

limite vasos
x(um)	y(um)	
1563	1321.833333
1560.833333	1308.666667
1549.333333	1297.833333
1535.833333	1298.833333
1524.333333	1317.166667
1534.833333	1330.5
1546	1332.666667
1555.5	1328.833333

limite vasos
x(um)	y(um)	
1508.166667	1329.666667
1503	1317.5
1485.833333	1312
1472.5	1317.333333
1475.333333	1330.833333
1488.333333	1340.833333
1496.5	1341.333333
1505.166667	1336.666667

limite vasos
x(um)	y(um)	
1525.5	1460.166667
1518.5	1454.666667
1507.5	1452.5
1503	1462
1515.333333	1476
1521.5	1481.666667
1530.166667	1470

limite vasos
x(um)	y(um)	
889.6666667	2048.666667
891.3333333	2033
867	2024.666667
860.3333333	2033.333333
868.6666667	2057.666667

limite vasos
x(um)	y(um)	
1209.666667	1995
1207	1986.666667
1196.333333	1991.333333
1192.333333	2002.333333
1207	2003

limite vasos
x(um)	y(um)	
1288	1700
1286	1691
1276	1685
1266.666667	1692
1272.666667	1702.333333
1286.333333	1703.333333

limite vasos
x(um)	y(um)	
1498.666667	1290.666667
1490.666667	1282.666667
1480.666667	1278.333333
1471.333333	1291
1482	1305
1496.666667	1303.666667

limite vasos
x(um)	y(um)	
1668.666667	1259.666667
1658	1250.333333
1645.666667	1263.333333
1645.666667	1281.333333
1655.666667	1306.666667
1661	1314.666667
1674.666667	1310.666667
1680.333333	1296.333333
1679	1276

limite vasos
x(um)	y(um)	
1880.666667	1150.333333
1894.333333	1158
1905	1150
1905.333333	1139
1893.333333	1135
1883	1139.333333

limite vasos
x(um)	y(um)	
2404	1635
2419.666667	1638.333333
2421.666667	1628.333333
2412	1612.666667
2397.333333	1612.666667
2399	1623.333333

limite vasos
x(um)	y(um)	
2292	1601.666667
2289	1588.333333
2280.666667	1586
2265.666667	1595.333333
2274.333333	1611
2288.333333	1611.333333

limite vasos
x(um)	y(um)	
2294.666667	1509
2284.666667	1503
2269	1512.333333
2278	1526.666667
2295	1522.666667

limite vasos
x(um)	y(um)	
3053	1697.333333
3053.333333	1686.333333
3037	1681
3029.666667	1690
3037.333333	1706
3049.666667	1705.666667

limite vasos
x(um)	y(um)	
3148.666667	1799.333333
3146.666667	1784.666667
3146.333333	1778
3125.333333	1778.333333
3122.666667	1785
3111	1784.666667
3101.666667	1792.666667
3109.333333	1804
3132.666667	1802

limite vasos
x(um)	y(um)	
3126.666667	1396.333333
3120	1374.333333
3103	1373.333333
3093.666667	1391
3093	1406
3115	1403

limite vasos
x(um)	y(um)	
3033.333333	1334.666667
3045	1352
3059	1368
3074	1373
3087.333333	1363.666667
3090.333333	1344.333333
3078.333333	1332.666667
3061.666667	1328.666667
3047.333333	1327

limite vasos
x(um)	y(um)	
3251	1324.333333
3237.666667	1308.666667
3224	1317.333333
3218	1335.333333
3228	1343.333333
3244.666667	1336

limite vasos
x(um)	y(um)	
3375	1142.333333
3373.666667	1129
3362	1126.333333
3346.666667	1130
3352.333333	1144.333333
3365.666667	1147

limite vasos
x(um)	y(um)	
2994.333333	1157.666667
2976.333333	1145.333333
2962	1155.333333
2973	1176
2987.666667	1186.333333
3005	1182.333333
3000.333333	1171.666667

limite vasos
x(um)	y(um)	
2923	1129
2934	1135.666667
2949.666667	1130
2957.333333	1115.333333
2948.666667	1098.666667
2936.333333	1090.666667
2924.666667	1101.666667
2916.333333	1103.333333
2912.666667	1092.666667
2903.666667	1080.666667
2884.666667	1089.333333
2891.666667	1110.333333
2900	1123.333333
2907.333333	1133.666667
	
limite vasos
x(um)	y(um)
2885.666667	1237
3088.333333	1153.666667
3087.333333	1138.333333
3079	1125
3070	1114.333333
3053.333333	1112.666667
3036.666667	1124
3042.666667	1138.666667
3054.666667	1156.333333
3064.333333	1155
3069.666667	1163.333333
3082.666667	1163

limite vasos
x(um)	y(um)
2866	1108.666667
2849.333333	1099
2835.333333	1102
2822.333333	1120
2826	1147.333333
2833.666667	1166.333333
2846.333333	1172
2866.666667	1154.333333
2867	1138.333333
2864.333333	1121.333333
	
limite vasos
x(um)	y(um)
2725.666667	966.6666667
2732.333333	976.6666667
2750.333333	986
2769.333333	981.3333333
2778	962
2777.666667	943.6666667
2753.666667	939.6666667
2737.666667	943
2729	945
2727.333333	954
	
limite vasos
x(um)	y(um)
2513.666667	1134
2501.333333	1116.666667
2491.333333	1122.666667
2487.333333	1131
2498.333333	1139.666667

rata 2

area de lesion 0 //um2

celulas
x(um)	y(um)	Tipo	Pb
556	606.778	2	1
580.667	619.444	2	1
572.444	650.111	2	1
609.333	501.667	2	1
588.222	522.111	2	1
643.556	521.444	2	1
716.556	404.333	2	1
673	397.889	2	1
857.444	378.667	2	1
946.222	299.556	2	1
1016.444	343.333	2	1
1061.111	359.778	2	1
1255.889	344.444	2	1
1290	261.889	2	1
1409.111	241.111	2	1
1503.444	246.444	2	1
1621.778	341.778	2	1
2303.667	134.111	2	1
1832.556	435.889	2	1
1966	777	2	1
2037.778	832	2	1
1988.889	832.444	2	1
1916.444	1050.889	2	1
2218.556	1276.556	2	1
2246.778	1293.889	2	1
2214.111	1162.778	2	1
1793	1357.667	2	1
1820.778	1331.889	2	1
1745	1353	2	1
1714.333	1195	2	1
271.444	1352.222	2	1
255	1349.778	2	1
290.556	1727.889	2	1
520	2188.222	2	1
865.333	1951.556	2	1
1022.222	1601.778	2	1
1143.111	1473.556	2	1
1974	1375.333	2	1
1762.667	1247.667	2	1
1846.444	1130.444	2	1
1889.333	1094.111	2	1
1208.778	405	2	1
1445	511.333	2	1
1361.778	657.778	2	1
1173.222	389.889	2	1
1228.778	386.778	2	1
783.222	411.222	2	1
803.222	387.889	2	1
594.444	605.444	2	1
450.778	810.222	2	1
270.889	1074.556	2	1
643.333	1358.889	2	1
580.222	1430.111	2	1
661.667	2134.556	2	1
1425.333	1185.667	2	1
2088.333	1369.333	2	1
979.333	1067.667	2	1
1314	239.667	2	1
1349	257	2	0.3
1382.667	237.333	2	0.5
1425	300	2	0.5
1320	606	2	0.5
1494	787	2	0.5
1302.333	767.333	2	0.5
1433.667	961.667	2	0.5
1452	920.333	2	0.3
1440.667	1100	2	0.7
1412.333	1143.333	2	0.7
1423.333	1269.667	2	0.5
1413.333	1250.667	2	0.7
1076	1264	2	0.5
1125.333	1267	2	0.7
1206.333	1256.333	2	0.3
1339.333	1295	2	0.3
1033.333	1701.333	2	0.5
634	2203.333	2	0.7
288.333	2196	2	0.5
234	1835	2	0.5
612	1634.333	2	0.5
515.667	1415.667	2	0.3
338.333	1272.333	2	0.3
430	1302	2	0.3
264.667	1148.333	2	0.5
302	1204	2	0.7
366.333	1050.667	2	0.7
349.333	1025.333	2	0.7
317	944	2	0.3
471.667	839.667	2	0.5
485.778	927.444	2	0.3
605.444	618	2	0.3
682.556	634.667	2	0.5
638.778	551.889	2	0.5
570.556	580.111	2	0.5
553	561.889	2	0.5
881.333	482.111	2	0.5
792.111	364.222	2	0.5
1037.778	380.333	2	0.5
1140.889	411.222	2	0.7
1089.111	346.333	2	0.7
1292.111	397.889	2	0.3
1555.222	271.889	2	0.3
1442.222	397.333	2	0.3
1580.556	539	2	0.5
1564.111	440.556	2	0.5
1578.222	665.667	2	0.7
1459.111	647	2	0.7
1605.778	842.222	2	0.7
1694.667	830.667	2	0.5
1478.333	1207.333	2	0.3
1594.889	1244.222	2	0.3
1897.222	1261.556	2	0.5
2011.333	1408	2	0.3
2070.222	1306.889	2	0.5
2255	1081.778	2	0.5
2183.111	1275.444	2	0.7
2223.556	1330.111	2	0.3
2287.333	1322.556	2	0.5
2319.556	1356.556	2	0.3
2130	1039.889	2	0.3
2313.556	959	2	0.5
2190.667	870.222	2	0.5
2105.556	759	2	0.5
2225.778	513.778	2	0.7
2256.222	334.111	2	0.7
2299.333	242.778	2	0.3
2215.667	95	2	0.3
1932.333	276.889	2	0.3
2117.889	280.889	2	0.5
1783.111	717.444	2	0.5
1919.778	814.222	2	0.7
2012.889	896.556	2	0.7
1959.778	1060.889	2	0.7
1898.667	1116.778	2	0.5
1958.111	1139.667	2	0.3
1685.333	1142	2	0.3
1712.889	956.889	2	0.5
1664.667	797.333	2	0.3
1629.111	813.111	2	0.5
1561.778	733.778	2	0.5
1531.444	528.333	2	0.7
1535.111	238.778	2	0.7
1254.556	446.222	2	0.5
987.778	478.778	2	0.3
920.667	592.222	2	0.3
790.778	722.556	2	0.5
882.111	707.444	2	0.3
908.556	693	2	0.5
508.111	875.778	2	0.7
430.222	1017.444	2	0.7
395.111	1465.667	2	0.5
504.444	1446.333	2	0.5
317.333	1564.333	2	0.7
344.667	1853.556	2	0.5
563.778	2150.556	2	0.7
275.111	2073.556	2	0.7
274.222	2043.333	2	0.5
383.778	1434	1	1
294.444	1316.333	1	1
403.556	1085.889	1	1
420	1016.667	1	1
467.333	986.222	1	1
395.111	858.222	1	1
477.778	803.556	1	1
542.667	746.778	1	1
633.667	663.111	1	1
506.889	716.556	1	1
823	686.222	1	1
793	668.667	1	1
778.333	652.667	1	1
964.667	538.667	1	1
672.556	466.778	1	1
1111.778	544.556	1	1
1100.444	568.778	1	1
1146.556	553.778	1	1
1000.556	898.556	1	1
1040.778	868.333	1	1
921.889	835.889	1	1
1020.667	861.444	1	1
1056.444	803.222	1	1
1127.778	916.111	1	1
1192.889	1025.222	1	1
1415.333	868.222	1	1
1388.444	857.556	1	1
1577.333	487.889	1	1
1518.778	275.667	1	1
1801.333	336.889	1	1
1974.667	224.222	1	1
1921.111	200.667	1	1
1991.778	169.111	1	1
2041.778	178.667	1	1
1971.222	301	1	1
2159.111	372.667	1	1
2293.111	539.889	1	1
2065.444	526.778	1	1
2118.222	782.889	1	1
2284.889	750	1	1
2219.111	1080.889	1	1
2303.556	1148.556	1	1
2022.333	1355.778	1	1
2013.444	1301.444	1	1
2086.444	1132.778	1	1
1875.111	1026.444	1	1
1853	884	1	1
1838.111	898	1	1
1389	817.833	1	1
1369.833	810.5	1	1
1411.5	365.167	1	1
1295.167	321.167	1	1
1040.111	1457.111	1	1
903.667	1424	1	1
806.556	1412.222	1	1
961.556	1499.222	1	1
1108.778	1459.889	1	1
1209	1431.222	1	1
774.667	1729	1	1
856.778	1914	1	1
753.444	2057.778	1	1
677.667	2003.556	1	1
451.889	1748.111	1	1
670.222	1655	1	1
643.778	1650.111	1	1
730.889	1659.444	1	1
821.222	1478.111	1	1
680.111	1488.333	1	1
756.111	1353	1	1
736.778	1295.889	1	1
648.889	1217.778	1	1
879.667	948.889	1	1
866.333	936.889	1	1
849.667	904	1	1
1057.222	937.444	1	1
980.556	925.667	1	1
1314	942.556	1	1
1163.667	588.556	1	1
1196.222	464.222	1	1
1161.889	441	1	1
1059.222	436.111	1	1
673.444	547.111	1	1
756.778	803.667	1	1
660.778	1292.778	1	1
486.333	1333	1	1
546.111	1377.667	1	1
744.333	1411.444	1	1
913.778	1032.889	1	1
920	935.222	1	1
1021.333	924.333	1	1
971	671.111	1	1
844.333	489.333	1	1
818.889	1292.333	1	1
923.333	1328.556	1	1
1075.222	1634	1	1
1222.667	970.556	1	1
1235.778	951	1	1
1762.889	1287.889	1	1
1678.667	1291.444	1	1
1879.222	316.889	1	1
1404.111	293.444	1	1
1226	595.444	1	1
1252.333	656.444	1	1
1176	835.556	1	1
705.667	1123.667	1	1
547.778	1112.222	1	1
538.444	1102	1	1
975.444	1237.222	1	1

limite de lesion
x(um)	y(um)
242.667	2244
248	2206.667
248	2137.333
240	2101.333
256	2057.333
252	1981.333
234.667	1873.333
220	1842.667
225.333	1796
246.667	1706.667
241.333	1606.667
258.667	1561.333
262.667	1465.333
226.667	1377.333
214.667	1336
244	1278
246.667	1228.667
244	1195.333
206.667	1120.667
236	1077.667
245.333	1015
265.333	944.333
305.333	901.667
348	843
373.333	825.667
438.667	748.333
469.333	700.333
496	616.333
492	571
530.667	521.667
541.333	481.667
566.667	437.667
573.333	395

limite superior
x(um)	y(um)
616	384.333
653.333	364.333
702.667	343
770.667	285.667
817.333	272.333
881.333	264.333
922.667	279
1021.333	244.333
1080	245.667
1162.667	296.333
1236	261.667
1302.667	206.667
1346.667	168
1402.667	181.333
1461.333	172
1478.667	201.333
1540	150.667
1620	133.333
1680	168
1618.667	214.667
1690.667	249.333
1760	189.333
1824	212
1866.667	210.667
1896	158.667
1930.667	129.333
1984	125.333
2040	112
2082.667	124
2124	97.333
2161.333	92
2193.333	76
2260	105.333
2312	85.333

limite posterior
x(um)	y(um)
2324	100
2316	725.333
2332	734.667
2321.333	1416

limite inferrior
x(um)	y(um)
2285.333	1389.333
2172	1406.667
2025.333	1417.333
1900	1392
1725.333	1364
1606.667	1332
1537.333	1324
1422.667	1341.333
1366.667	1373.333
1285.333	1426.667
1240	1493.333
1188	1540
1130.667	1629.333
1112	1706.667
1085.333	1740
1034.667	1849.333
973.333	1916
921.333	1997.333
864	2080
810.667	2120
742.667	2180
670.667	2206.667
624	2250.667
514.667	2273.333
404	2305.333
302.667	2300
270.667	2268
	
limite vasos
x(um)	y(um)
264.111	1054.222
274.778	1048.444
288.111	1042.667
305.444	1030.667
325	1015.556
332.111	1001.333
345	983.556
361.444	974.222
373.444	947.111
387.222	964
399.222	968.444
403.222	961.333
397	956.444
397.889	940
398.778	925.333
398.889	902.778
396.667	897
380.667	880.111
372.222	858.778
360.667	846.333
358.444	851.667
366.444	868.556
370	880.556
381.556	892.111
387.333	905.889
388.667	919.222
378.444	916.556
368.222	909.444
347.333	899.667
322.889	893
316.667	900.111
329.556	901.444
340.667	906.333
354	922.333
358.889	935.667
356.222	953
351.333	964.556
331.333	977
318	989
303.333	1005.889
290.889	1024.111
280.667	1039.222
275.778	1041.444
259.333	1038.778
	
limite vasos
x(um)	y(um)	
551.444	1269.222
531.889	1260.333
512.778	1255
482.556	1248.778
460.778	1246.111
442.111	1240.333
434.111	1255.444
457.667	1265.667
482.111	1269.667
504.333	1275
530.111	1273.667
547.444	1279.889
	
limite vasos
x(um)	y(um)	
436.778	1693.444
469.222	1688.556
529.667	1684.111
568.333	1686.333
590.111	1673.889
618.111	1669.889
663	1670.778
678.111	1670.333
678.111	1663.222
651.889	1663.667
619.889	1661.444
588.778	1661.444
561.667	1666.778
553.222	1671.222
515	1676.556
499.444	1677.444
482.111	1674.333
449.667	1676.556
433.222	1688.556
411.444	1691.667
377.222	1686.778
349.667	1698.333
376.778	1701
393.222	1699.222
	
limite vasos
x(um)	y(um)	
786.444	1670.667
813.111	1675.111
833.556	1680.444
856.222	1687.111
875.333	1686.222
904.667	1691.556
920.222	1685.333
899.333	1675.111
873.111	1671.111
842	1665.778
818.889	1661.333
792.222	1655.111
	
limite vasos
x(um)	y(um)	
1135	1583.111
1120.333	1592.889
1115	1587.111
1106.111	1583.556
1097.667	1572
1084.778	1556.444
1065.222	1548
1052.778	1539.556
1051	1532.889
1055	1528.444
1060.778	1535.111
1073.222	1537.778
1085.222	1544.889
1099.889	1556.444
1114.556	1571.556
1123.444	1579.111
	
limite vasos
x(um)	y(um)	
1311.444	1355.222
1293.667	1334.778
1286.556	1322.778
1264.333	1292.556
1255.444	1266.333
1248.778	1241.889
1231	1207.222
1219.444	1175.667
1201.667	1145.889
1189.667	1123.667
1188.333	1107.667
1188.889	1099.111
1175.556	1114.667
1158.222	1103.556
1182.667	1091.556
1190.667	1088.444
1203.556	1117.333
1218.667	1133.778
1231.111	1153.778
1238.222	1178.222
1255.111	1205.333
1266.222	1227
1264	1246.556
1270.222	1267.889
1284.444	1275
1288.444	1296.778
1293.333	1316.778
1308	1331.889
1320.889	1348.778
	
limite vasos
x(um)	y(um)	
1179.556	1291.889
1180.889	1277.222
1181.333	1257.667
1184	1238.556
1176.889	1223.444
1164.444	1227.444
1164.444	1238.111
1170.222	1254.111
1164.444	1264.333
1168.889	1283.444
	
limite vasos
x(um)	y(um)	
1550.667	976.778
1553.778	965.222
1550.222	943.444
1529.778	915.889
1520.889	885.222
1510.222	858.111
1506.222	834.556
1503.778	818.111
1508.667	798.111
1518.889	778.111
1529.111	767
1524.667	791
1532.222	818.556
1533.111	839
1534.889	861.667
1543.889	883.333
1552.778	906.444
1557.222	921.556
1567	938.889
1565.222	959.333
1567.444	971.333
1567.889	992.222
1562.111	1000.667
	
limite vasos
x(um)	y(um)	
1658.778	997.778
1667.222	1004.444
1685	1018.667
1682.778	1040.444
1678.333	1071.111
1667.222	1084
1754.333	1047.111
1754.333	1047.111
1665.444	1070.222
1670.778	1050.667
1673.444	1035.556
1666.333	1021.778
1651.222	1017.333
1638.778	1002.667
1644.111	995.111
	
limite vasos
x(um)	y(um)	
1690.889	616.444
1685.556	591.556
1687.333	570.667
1692.222	553.333
1690	522.222
1687.333	506.222
1702	545.333
1718.444	566.667
1732.222	588
1738	579.556
1727.778	552.444
1713.556	525.333
1703.778	505.333
1695.778	493.778
1680.667	462.667
1673.111	465.333
1675.333	496.444
1676.222	522.222
1654.444	528.889
1621.556	537.778
1606.444	553.333
1611.778	560
1627.333	553.333
1652.222	539.111
1672.222	529.778
1671.333	548
1670.889	581.778
1667.778	612.889
		
limite vasos
x(um)	y(um)
1479.222	412.444
1479.222	390.222
1467.222	364.889
1460.556	341.778
1456.556	313.778
1451.667	294.222
1448.111	276
1437	272.889
1450.778	257.778
1459.222	268
1474.778	312.889
1477.444	350.667
1483.667	372
1492.556	396.889
	
limite vasos
x(um)	y(um)	
1911.667	789.444
1901.444	766.333
1871.222	764.111
1837.444	763.667
1827.222	757
1845.889	751.222
1869	758.778
1891.667	750.778
1906.778	742.778
1908.111	716.111
1907.222	686.778
1904.556	649.889
1904.222	635.333
1907.778	598
1902	563.333
1903.333	555.333
1907.778	523.778
1898.444	510.889
1897.556	497.556
1913.556	516.222
1931.333	513.556
1922	531.778
1916.222	551.778
1917.556	580.222
1918.444	606
1916.667	636.444
1922.444	666.222
1921.556	696
1923.333	727.556
1928.667	755.556
1921.111	784.444
		
limite vasos
x(um)	y(um)
1141.111	751.444
1120.667	728.778
1111.333	721.222
1108.222	700.333
1090.444	684.778
1076.667	670.556
1063	655.222
1054.556	629
1058.111	607.667
1069.667	606.778
1070.111	629.889
1075	650.333
1095.889	665.889
1107.444	685.444
1127.889	710.778
1137.667	734.333
		
limite vasos
x(um)	y(um)
2105	499.667
2116.667	491.667
2112.667	474.333
2099.333	458.667
2095	441
2092.667	421
2088.667	412.333
2082.333	395.667
2074.333	380.667
2064.333	378.333
2071	399
2077	414.333
2081.333	429
2086	460
2089	475.667
2072	502.333
2100.667	490.333
		
limite vasos
x(um)	y(um)
2292	721.333
2301	712
2318.333	699.667
2306.333	663.667
2290.667	629.667
2281.333	595.333
2291	576
2279.333	542.333
2264.667	537.333
2259.333	541.333
2269.667	560.667
2274	578
2261	597
2272	621
2281.333	655.667
2281.667	676.667
2284	707.667
		
limite vasos
x(um)	y(um)
2117	531.667
2097.667	534
2096	555.333
2106.667	582.667
2133	590.667
2153	573.667
2160.667	553
2141.333	530
	
limite vasos
x(um)	y(um)	
2261.667	642.333
2264	623.667
2261.333	608.333
2253.667	597.667
2235.333	604.667
2228.333	622.333
2238.667	646.667
2252	647.667
	
limite vasos
x(um)	y(um)	
2237.333	580.333
2245.667	557
2237.333	548.667
2222	548.667
2212.333	555
2205.667	570.667
2207.667	585.333
2227.667	587.667
	
limite vasos
x(um)	y(um)	
2279	429
2304.333	436
2320.333	429.667
2315.333	412.667
2299.333	403.333
2277.667	409.333
	
limite vasos
x(um)	y(um)	
2019.667	455.667
2017	438.667
2008.667	414.333
1999.667	405.667
1984	402.667
1978	406.333
1985	419.333
1987	430.667
1993.667	455
2002	465
2011.667	466
	
limite vasos
x(um)	y(um)	
2003.333	492
2005.667	484.333
1997	469.333
1986	474.333
1983.333	483.667
1995.333	491.333
	
limite vasos
x(um)	y(um)	
1704	314.667
1716.333	311
1729.667	295.333
1746.333	283.667
1771.333	273
1789.667	275.667
1795	294
1781	305.667
1758.333	312.667
1745	322.333
1728.333	329
1710	328.667
	
limite vasos
x(um)	y(um)	
1638	479.333
1647	479.667
1663.333	470
1661.667	448.333
1650	439.333
1633	447.333
1626.667	456
1627	475
	
limite vasos
x(um)	y(um)	
1615	456
1601.333	452.667
1591.667	443
1594.333	421.333
1609	414
1626	417.667
1629.333	438.667
1618	449.333
	
limite vasos
x(um)	y(um)	
1563.333	423
1582.667	414.333
1591.667	395.333
1587.667	376
1576.667	362.333
1557.333	370.333
1556	387.667
1559.333	408
	
limite vasos
x(um)	y(um)	
1455.333	439
1454	422.667
1443.333	410.333
1420.667	414
1410.667	441.333
1416.667	453.333
1430	458.667
1449	445.667
	
limite vasos
x(um)	y(um)	
1469.333	446
1475	464.667
1477.333	489.333
1485.333	507
1483.667	530
1465.667	537
1454.333	530
1449	521
1448.667	506
1442	493.333
1440	474.333
1446	456
1457	449.667
		
limite vasos
x(um)	y(um)
1360	415
1344.667	423
1333.333	442.333
1339	467
1349.333	473.333
1369	465
1376.667	446.667
1379	426.667
		
limite vasos
x(um)	y(um)
1354.333	353.667
1345	338
1321.333	334
1306.333	346
1298.333	366.667
1309.333	391
1334.667	396
1350.333	374.667
		
limite vasos
x(um)	y(um)
1537	331.333
1554.333	318
1552.333	297
1536	289.333
1513	298.333
1519	321
		
limite vasos
x(um)	y(um)
1263	247
1246	257.667
1243.333	275
1252.333	282.667
1227.667	281.333
1209	294.333
1204	318.333
1195	336
1196.667	379.333
1212	388
1232.333	372.667
1242	358
1244	345
1233	325.667
1231.333	310.667
1246.667	315.667
1256.333	302.667
1263.667	285.333
1267	272
1270.333	258.667
		
limite vasos
x(um)	y(um)
977	329
991	317.667
985.667	297.333
967	291
952.667	298.667
965.333	312
		
limite vasos
x(um)	y(um)
878.333	370.667
897	363.667
908	343
896	327
877	316.333
852.333	324
865.667	343.667
	
limite vasos
x(um)	y(um)	
1058.667	577.667
1069.667	557.333
1065.667	530
1040	506.667
1009	514.333
1007.667	543.333
1028.333	558.667
1049	574
		
limite vasos
x(um)	y(um)
1379.667	596.667
1383	623.333
1394.667	640.333
1403.333	655
1420.667	654.333
1426.333	639.333
1418	621
1413	599.667
1406.333	589.667
1392.667	587.667
		
limite vasos
x(um)	y(um)
1272.333	578.333
1283	597
1298	591.333
1313	577.667
1316.667	557.333
1294	552.667
1281	570.667
		
limite vasos
x(um)	y(um)
1297.667	820.333
1280.667	824
1271.333	842.333
1282	855
1297.333	861
1300	872.333
1319.333	887.333
1339.333	875
1340	857.667
1326.667	848
1312.333	835
	
limite vasos
x(um)	y(um)	
1242	773.333
1245	752
1237.333	725.667
1235.667	707.667
1218.667	706
1204	727
1206.667	753.667
1209	764.667
1229	782
		
limite vasos
x(um)	y(um)
1272.333	698.333
1265	704.333
1256.667	726
1266	743
1289	743
1288.333	721.333
1287.667	705.667
		
limite vasos
x(um)	y(um)
2072.333	711
2021.667	731.667
2023	759.667
2060.333	827.667
2064.333	877
2070.333	917.667
2096.333	955
2125.667	967
2144.333	933.667
2174.333	903
2151	880.333
2116.333	846.333
2083.667	813.667
2092.333	775
2079	737.667
		
limite vasos
x(um)	y(um)
1568.333	855
1548.333	866.333
1569	887.667
1582.333	906.333
1604.333	939.667
1620.333	949.667
1637.667	935
1625.667	912.333
1601	899
1595.667	881
		
limite vasos
x(um)	y(um)
1285	923
1288.333	904.333
1279.667	889
1257.667	891.667
1247	899.667
1257.667	925.667
		
limite vasos
x(um)	y(um)
985.667	738.333
987.667	723.667
961	705
937	703
932.333	726.333
969	746.333
		
limite vasos
x(um)	y(um)
963.667	464.333
945	444.333
925.667	430.333
921.667	447.667
928.333	464.333
947	485
959.667	477.667
		
limite vasos
x(um)	y(um)
899	642.333
901.667	662.333
913	676.333
938.333	667.667
946.333	646.333
929.667	630.333
913	626.333
		
limite vasos
x(um)	y(um)
1022.333	694.333
1027.667	713.667
1045.667	722.333
1067.667	706.333
1067	689
1043	677
1030.333	679.667
		
limite vasos
x(um)	y(um)
785.667	1098.333
816.333	1098.333
833	1103.667
853	1117.667
876.333	1133.667
908.333	1165.667
942.333	1197
959.667	1214.333
969	1201.667
958.333	1180.333
927	1162.333
907	1147.667
889.667	1129.667
865.667	1114.333
847.667	1094.333
820.333	1077
779.667	1075.667
		
limite vasos
x(um)	y(um)
467	1407
445	1405
438.333	1419
455	1434.333
467	1425.667
		
limite vasos
x(um)	y(um)
340.333	1376.333
336.333	1349
311	1335.667
289	1355
297	1381
313	1381
	
limite vasos
x(um)	y(um)	
352.333	1217
319.667	1215.667
316.333	1228.333
326.333	1242.333
343.667	1243
351	1266.333
357	1277.667
369.667	1267.667
395	1255
421.667	1251
434.333	1234.333
478.333	1239.667
530.333	1253.667
557.667	1254.333
538.333	1244.333
527	1238.333
519	1226.333
502.333	1221.667
495	1204.333
469.667	1211
445.667	1213
423	1211.667
408.333	1192.333
385	1183.667
365	1192.333
374.333	1206.333
394.333	1216.333
413.667	1223
388.333	1221.667
371.667	1236.333
	
limite vasos
x(um)	y(um)	
317	1131.667
301.667	1127.667
285.667	1135
286.333	1162.333
303	1176.333
319	1180.333
331	1172.333
325	1148.333
	
limite vasos
x(um)	y(um)	
371	1743
385	1731.667
374.333	1728.333
342.333	1721
317	1725.667
299.667	1743.667
275.667	1757
299	1763
336.333	1749
	
limite vasos
x(um)	y(um)	
493.667	1964.333
485.667	1951.667
473.667	1948.333
461	1951.667
465	1962.333
481	1975.667
	
limite vasos
x(um)	y(um)	
362.333	2233
363.667	2241.667
368.333	2247
387	2241.667
395.667	2258.333
410.333	2255
431	2245
438.333	2236.333
451	2221.667
462.333	2207
449.667	2199
431	2202.333
425	2205
417	2221.667
413	2221.667
410.333	2205
392.333	2211
387	2217.667
377	2225
	
limite vasos
x(um)	y(um)	
426.333	2055.667
394.333	2050.333
381.667	2055.667
372.333	2065
386.333	2076.333
399.667	2073
422.333	2069.667
		
limite vasos
x(um)	y(um)
366.333	2277
392.667	2274.333
408.333	2268.333
438.333	2259
463	2248
484	2241.667
486	2261.667
464	2280.333
434.667	2284.333
411.333	2292
392.667	2291.333
376.667	2291.667
		
limite vasos
x(um)	y(um)
538.333	2239.333
527.667	2229.667
514.667	2232.333
513	2246.667
523.667	2248.667
531.667	2248.667
		
limite vasos
x(um)	y(um)
623.333	2062.333
612	2053.667
597.333	2053.667
594	2068.667
606.333	2075.333
620	2070.667
		
limite vasos
x(um)	y(um)
797	2036.667
782.333	2038.667
766.333	2044
759	2048.667
761.333	2062.333
774.667	2066
789	2063
802.333	2058.333
821.333	2045.333
834	2040.667
854	2029
860.333	2005
868.333	1991.667
853.667	1993.667
844.333	2005.667
842.333	2018.667
827	2022
811.333	2031
	
limite vasos
x(um)	y(um)	
765.333	1991
760	1979
750.333	1984.333
744.333	1989.667
748	1999.667
760.667	2002.333
	
limite vasos
x(um)	y(um)	
947	1855.667
948	1846.333
934	1841
920.333	1847.667
908.667	1848.333
904.667	1852.333
902	1860.667
913	1867.667
925	1866
936.333	1863
	
limite vasos
x(um)	y(um)	
858.667	1773
852	1765.667
844	1766
837.333	1780
840	1792
829.333	1796
843.333	1811
849.667	1808
861.667	1805
867	1795.667
856.333	1793.667
855.667	1791.667
857.667	1781.333
	
limite vasos
x(um)	y(um)	
475.333	1649.333
505	1652.333
519.333	1652.333
536	1649
566	1649
566	1644.333
545.333	1631
518	1630.667
491.333	1636.333
478.667	1643.667
	
limite vasos
x(um)	y(um)	
725.667	1134
717.667	1128
711.667	1124
700.333	1128
701.333	1135.667
716.333	1142.333
721	1138.333
	
limite vasos
x(um)	y(um)	
1324	661.667
1320	651.667
1305.667	648
1292.667	659.333
1297.667	675.667
1310.667	679.333
1321.333	676
	
limite vasos
x(um)	y(um)	
1272.333	615.333
1264.333	602
1253.333	595.333
1241.333	606.667
1238	618
1249	627.667
1266.667	627.667
1277.667	627
	
limite vasos
x(um)	y(um)	
1261	520.667
1257.667	532.333
1272.333	552.333
1290.667	541
1294.333	529.667
1295.667	517.667
1302	507.333
1315.667	500.333
1319	484.667
1304.333	474.333
1293.333	474
1286	486.667
1284.667	503
1282.333	519.667
1270	515
	
limite vasos
x(um)	y(um)	
1254	567.333
1254.333	551.667
1245.667	537
1233.667	533
1221.667	544.667
1221	563.667
1231.667	571.333
1244.667	566.333
	
limite vasos
x(um)	y(um)	
1166.333	321.333
1169.667	329.667
1180.333	340.333
1194.333	326
1185	320.333
1174.667	316
	
limite vasos
x(um)	y(um)	
1249.667	513.667
1249	504
1238.667	498.333
1233	500
1228.333	516.667
1242.667	520.333
	
limite vasos
x(um)	y(um)	
1453.333	559.667
1462	567.333
1462.333	594.667
1458.667	608.667
1444.667	612.667
1433.667	604.333
1426.667	591.667
1429.333	577.333
1444	579.667
1449.667	582
1452	571.333
	
limite vasos
x(um)	y(um)	
1587.333	756.333
1592.333	764.667
1601.667	756.667
1602	745
1598.333	730.333
1592	717.667
1581	728
1593	740.667
1593.333	749
	
limite vasos
x(um)	y(um)	
2110.667	1053.333
2117	1075.667
2133	1080
2144	1062
2140	1049
2128	1041.333
2113.333	1044.333
	
limite vasos
x(um)	y(um)	
1924	981.667
1903	978.333
1891.667	991.667
1897	1009.667
1916	1007.333
1929.667	1000.333
	
limite vasos
x(um)	y(um)	
2162.333	849.667
2178.333	843.333
2181.333	830.333
2181.333	819.667
2192	805.333
2192	785
2179	785.333
2158.333	776.667
2147	767.667
2135.667	776.333
2126.333	788
2131.667	806
2145.333	821.333
2148.667	828
2152.333	841.333
	
limite vasos
x(um)	y(um)	
2185.333	874.333
2176.333	863.667
2166	865.333
2164	877
2177.333	884.333
	
limite vasos
x(um)	y(um)	
2258.667	460.333
2269.667	470.667
2280.333	466.333
2280	457.667
2269	442.667
2260.667	447.667
	
limite vasos
x(um)	y(um)	
1508.667	721.667
1528.333	715
1534.667	697
1530	678.667
1515.333	664.333
1496.333	645.667
1473.667	645.333
1475	663.333
1487.667	680.667
1499	687
1500.333	710.667
	
limite vasos
x(um)	y(um)	
1678.333	618.667
1670	629.333
1675.333	646.667
1685.667	661.333
1702	667.333
1707.333	656
1704.667	640
1707.333	625.667
1705	611.333
1703.333	584
1700.667	565
1709.333	557
1693	550
1694.667	565
1691.333	583
1689.667	598.333
1694	617.333

rata 3

area de lesion 0 //um2

celulas
x(um)	y(um)	Tipo	Pb
396.333	1748	2	1
397	1697.333	2	1
291.333	1719.111	2	1
285.111	1747.333	2	1
343.556	1753.556	2	1
455.333	1790.444	2	1
479.333	1796	2	1
511.556	1732.333	2	1
550.444	1774.333	2	1
482.889	1815	2	1
542.778	1845.333	2	1
641	1840.222	2	1
970.333	2043.222	2	1
939.444	2089.889	2	1
1026.333	2054	2	1
1140.778	2060.667	2	1
1094.444	1980.444	2	1
1125.556	1940.667	2	1
1005.333	1934.444	2	1
1294.889	1963.778	2	1
1222.667	1944.444	2	1
1244.667	1989.778	2	1
1233.111	1975.111	2	1
1193	1851.222	2	1
1209.444	1861	2	1
897.111	1549.667	2	1
869.111	1499.222	2	1
992.667	1471	2	1
920.667	1428.333	2	1
810	1436.333	2	1
855.333	1427.889	2	1
963.222	1414.222	2	1
809.889	1374.222	2	1
839.778	1295.333	2	1
663.556	1198.778	2	1
785.333	1197	2	1
814.667	1177.667	2	1
952.333	1114.333	2	1
846	1195.556	2	1
831.667	1342.333	2	1
518	1490	2	1
458.444	1398.444	2	1
333.889	1528.889	2	1
319.222	1637.667	2	1
788	1969.556	2	1
886.667	1962.111	2	1
1362.556	1973.889	2	1
1374.556	1944.778	2	1
1328.222	1916.556	2	1
1479.444	1828	2	1
1593.667	1840	2	1
1468.333	1779.444	2	1
1505.889	1591.444	2	1
1668.778	1548.222	2	1
1695.889	1823.111	2	1
2174.444	1759.444	2	1
2104.833	1915	2	1
2613.667	1928.167	2	1
2955.5	2037.167	2	1
3004.333	1823.333	2	1
3212.833	1987.333	2	1
3383.111	2155.667	2	1
3448.778	2138.444	2	1
3521.667	2176	2	1
3929.222	1572.889	2	1
3609.111	1427.889	2	1
3444.111	1413.667	2	1
3427.889	1375	2	1
3354.333	1365.778	2	1
2905.444	1233.333	2	1
2797	1191.111	2	1
2481.556	1227.333	2	1
2593.778	1249.778	2	1
2416.333	1295.444	2	1
2389.667	1173.444	2	1
2295.333	1145	2	1
2182.667	1162.778	2	1
2247.111	1181.889	2	1
2115	1073.667	2	1
2025.667	1068.778	2	1
1723.333	1083.778	2	1
1748.889	1017.778	2	1
1730.444	1071.333	2	1
1608.222	996.444	2	1
1602.111	1202.222	2	1
1234	1119.333	2	1
1286.556	1034.667	2	1
1181.556	1366.556	2	1
1215.333	1373.889	2	1
1157.333	1306.444	2	1
1356.667	1357.333	2	1
1459.222	1351.111	2	1
1322.333	1425.889	2	1
1322.333	1582.889	2	1
1156.111	1587.667	2	1
1218.556	1503.333	2	1
959.889	1185.222	2	1
670.111	1240.111	2	1
630.556	1288.556	2	1
494.889	1349	2	1
404.222	1522.111	2	1
410.889	1591.556	2	1
363.667	1637.333	2	1
886.667	1898	2	0.5
990.667	1905	2	0.5
1085.333	1840.333	2	0.5
738	1679	2	0.5
999.333	1567.333	2	0.3
914.333	1525	2	0.3
946.667	1526.333	2	0.5
794.333	1234.333	2	0.5
912.333	1166.333	2	0.3
1216.333	1201.667	2	0.5
1205.667	1175	2	0.3
1313	1173.667	2	0.5
1487	1063	2	0.5
1445.667	1049	2	0.3
1497.667	1029	2	0.5
1789.667	1055.333	2	0.5
1767.333	1041.667	2	0.5
1649.333	990.667	2	0.5
2203.333	1049.667	2	0.3
2174.667	1060	2	0.7
2504.333	1268.333	2	0.5
2955.333	1274.667	2	0.5
3014	1388.667	2	0.5
3092	1365.333	2	0.7
3241.667	1391.667	2	0.7
3145	1411.333	2	0.7
3167.333	1378.333	2	0.3
3772.667	1512.667	2	0.3
3664.667	1526.333	2	0.3
3765.667	1427.667	2	0.3
3902.667	1645.667	2	0.7
3976	1626	2	0.5
4105.667	1751.333	2	0.7
3770.333	1679.667	2	0.7
3688.667	2350.667	2	0.5
3500.333	2282.333	2	0.3
3684	2236	2	0.7
2962.667	2115.333	2	0.7
2869.667	2083.333	2	0.5
2813.667	1970.333	2	0.5
2788.333	1823	2	0.5
2959.667	1816.667	2	0.5
2603.667	1713.667	2	0.5
2280.667	1462.333	2	0.3
2293	1323	2	0.3
2358.667	1321.667	2	0.7
2195	1188.333	2	0.7
2208.667	1296.667	2	0.5
2120.333	1254.667	2	0.5
2054.667	1469.667	2	0.5
2052	1506.333	2	0.5
2053.667	1556	2	0.5
1937.333	1695.667	2	0.5
1884	1791.667	2	0.5
1951.667	1931.667	2	0.5
2177.333	1842	2	0.5
2010.667	1817.333	2	0.3
2041.667	1810.667	2	0.3
1656.333	1853.667	2	0.3
1632	1942	2	0.7
1697	1638.667	2	0.7
1848.333	1705	2	0.5
1840	1575	2	0.7
1459	1445	2	0.3
1461	1093	2	0.3
1539.667	1147.333	2	0.3
1432.333	1036	2	0.3
1434	1274	2	0.5
712.333	1215.333	2	0.5
839	1142.667	2	0.5
566.333	1281.667	2	0.5
457	1476	2	0.5
505.333	1576.667	2	0.5
635.333	1750.667	2	0.3
592.333	1702.667	2	0.7
932.667	1947.667	2	0.7
755.333	1911	2	0.5
1046.667	2104.333	2	0.5
1165.667	1956.333	2	0.5
984	2011.667	1	1
1057	1903	1	1
1473	1900.333	1	1
1315.333	1860.333	1	1
1266	1865	1	1
1624	1885	1	1
1785.667	1757.667	1	1
1613.667	1771	1	1
1643	1768.333	1	1
1652.667	1695.333	1	1
1668.667	1664	1	1
1343	1532.667	1	1
1814.333	1496.333	1	1
1868.667	1403.333	1	1
1936.333	1420.667	1	1
1635.667	1401.667	1	1
1614.333	1445.333	1	1
1565.667	1263.333	1	1
1452.667	1152.667	1	1
1424.667	1101	1	1
1392	1093.667	1	1
1689	1032.333	1	1
1667.333	1067	1	1
1817	1098	1	1
2097.333	1110.667	1	1
2153.333	1090	1	1
2355.667	1166.333	1	1
2759.667	1250	1	1
2801	1286.333	1	1
2936.333	1297.667	1	1
2926.667	1272	1	1
3147.333	1381	1	1
3215.333	1505.667	1	1
3244	1546.667	1	1
3255.333	1452.667	1	1
3306	1454.667	1	1
3474.333	1548.333	1	1
3881	1508.333	1	1
3802	1700.333	1	1
4052.667	1781	1	1
4062.333	1736	1	1
3936.667	1981.333	1	1
3763	2242.333	1	1
3615	2224	1	1
3552.333	2193.667	1	1
3051.667	2168	1	1
3158.333	2019.333	1	1
3279	1959	1	1
2985	2093.333	1	1
2986	2073.667	1	1
2997	1870	1	1
3137	1766.667	1	1
2896	1565.333	1	1
3283.333	1630	1	1
2818.333	1378.333	1	1
2776.667	1321.667	1	1
2510.333	1375	1	1
2400.333	1329	1	1
2385	1511.667	1	1
2348.667	1644.667	1	1
1932.667	1886	1	1
1646.667	1800.667	1	1
1840.333	1887	1	1
1490.667	1910.667	1	1
1392	1850.667	1	1
1431.667	1827.333	1	1
1461.667	1657.667	1	1
1352	1760	1	1
988	1792	1	1
1003.667	1756.333	1	1
983	1627	1	1
1133	1505	1	1
1341.333	1341.333	1	1
1530.333	1350	1	1
1654	1140	1	1
1756.667	1131	1	1
1877.667	1382.333	1	1
1948.667	1358.333	1	1
1904	1339.333	1	1
2174.333	1298.667	1	1
2083	1256.667	1	1
2170.667	1547.778	1	1
2229.556	1479.556	1	1
2031.222	1539	1	1
1979.889	1688.778	1	1
2638.333	1484.444	1	1
3469.667	1993.111	1	1
3600.111	1989.556	1	1
3561.555	2041.444	1	1
3604.667	1852.333	1	1
3570.222	1767.889	1	1
3886.667	1577.444	1	1
3618.667	2008.667	1	1
3113.5	1868.333	1	1
2596.667	1521.333	1	1
2225.167	1288.5	1	1
1677.5	1138.667	1	1
1184.222	1688.222	1	1
1230.889	1696.222	1	1
909.333	2051.556	1	1
886	1988.667	1	1
871.889	1688.222	1	1
648.889	1389.222	1	1
775	1299.333	1	1

limite de lesion
x(um)	y(um)
216	1705.333
250.667	1654.667
261.333	1593.333
272	1512
305.333	1468
346.667	1418.667
413.333	1376
501.333	1298.667
565.333	1257.333
636	1182.667
698.667	1152
785.333	1110.667
848	1093.333
917.333	1057.333
1008	1016

limite superior
x(um)	y(um)
1256	1010.667
1410.667	986.667
1534.667	970.667
1744	986.667
1865.333	982.667
2009.333	1012
2224	1032
2406.667	1064
2505.333	1122.667
2642.667	1109.333
2806.667	1173.333
2848	1212
2917.333	1206.667
2960	1245.333
3033.333	1236
3072	1333.333
3194.667	1317.333
3285.333	1368
3428	1338.667
3474.667	1396
3543.333	1350.667
3592.667	1346.667
3706	1388
3818	1437.333
3934	1501.333
4026	1548
4072.667	1626.667
4142	1612
4239.333	1646.667

limite posterior
x(um)	y(um)
4238	1665.333
3983.333	2208
3906	2170.667
3742	2508

limite inferrior
x(um)	y(um)
3730	2498.667
3640.667	2434.667
3527.333	2397.333
3423.333	2285.333
3311.333	2225.333
3216.667	2220
3076.667	2194.667
2967.333	2213.333
2116.667	1982.667
1995.333	1968
1851.333	1941.333
1778	1958.667
1663.333	1954.667
1530	1970.667
1428.667	1994.667
1318	2029.333
1238	2080
1136.667	2170.667
1095.333	2228
1022	2185.333
835.333	2053.333
658	1925.333
399.333	1781.333
234	1721.333
472.667	2222.667

limite vasos
x(um)	y(um)
3475.333	1420
3482	1477.333
3528.667	1513.333
3540.667	1472
3526	1448
3523.333	1397.333
3531.333	1373.333

limite vasos
x(um)	y(um)	
3762	1452
3715.333	1458.667
3684.667	1448
3654	1442.667
3676.667	1480
3682	1516
3651.333	1552
3644.667	1581.333
3674	1606.667
3711.333	1592
3748.667	1537.333
3778	1496

limite vasos
x(um)	y(um)	
2963.333	1326.667
2948.667	1352
2912.667	1404
2898	1444
2898	1505.333
2932.667	1524
2959.333	1472
2967.333	1432
2990	1401.333
2984.667	1377.333

limite vasos
x(um)	y(um)	
3116.667	1585.333
3066	1573.333
3054	1609.333
3038	1686.667
3026	1714.667
3027.333	1758.667
3055.333	1757.333
3076.667	1734.667
3088.667	1709.333
3096.667	1676
3104.667	1618.667

limite vasos
x(um)	y(um)	
1381.667	1903.556
1394.556	1907.556
1429.222	1909.778
1451	1892.444
1447	1867.111
1415.444	1860
1394.111	1861.778
1372.778	1873.333
1375	1896.444

limite vasos
x(um)	y(um)	
1498.556	1893.333
1502.556	1907.556
1517.667	1924
1550.111	1924.889
1561.667	1901.333
1552.778	1882.667
1520.333	1875.556
1509.222	1881.333

limite vasos
x(um)	y(um)	
1447.222	1725.778
1467.222	1698.667
1468.111	1684
1452.111	1668.889
1428.111	1686.667
1403.222	1702.667
1377.444	1740.444
1363.667	1772.889
1376.111	1808.889
1394.333	1806.222
1424.111	1768.889

limite vasos
x(um)	y(um)	
1379.667	1657.778
1391.667	1650.667
1402.778	1641.778
1396.556	1628.889
1382.778	1628
1367.667	1611.556
1333	1606.222
1310.333	1615.111
1306.333	1636.444
1312.556	1653.778
1340.556	1652.889

limite vasos
x(um)	y(um)	
1492.111	1719.556
1473.444	1704.889
1469.889	1721.333
1462.778	1747.556
1459.667	1764.444
1475.667	1767.556
1492.111	1764.444
1500.111	1754.667
1497	1738.667

limite vasos
x(um)	y(um)	
1518.778	1773.333
1533	1789.778
1557.889	1795.111
1585.889	1779.556
1588.556	1753.778
1568.556	1734.667
1533.444	1735.556
1514.333	1750.222

limite vasos
x(um)	y(um)	
1677	1761.333
1680.556	1784.444
1704.111	1796.889
1731.667	1778.667
1740.556	1750.222
1707.667	1736
1691.667	1747.111

limite vasos
x(um)	y(um)	
1843.556	1848.444
1826.667	1847.556
1834.222	1868
1852.889	1874.222
1858.222	1865.778

limite vasos
x(um)	y(um)	
1887.111	1912
1902.222	1927.556
1919.111	1926.667
1928.444	1912.444
1920.444	1893.333
1896	1889.778

limite vasos
x(um)	y(um)	
1787.111	1710.111
1778.222	1727
1790.222	1747.889
1815.111	1752.333
1837.778	1745.667
1838.222	1722.556
1819.111	1706.556

limite vasos
x(um)	y(um)	
1904.444	1698.556
1877.333	1694.111
1863.556	1711
1885.778	1740.333

limite vasos
x(um)	y(um)
1905.333	1725.667
1764.444	1668.333
1756.444	1650.111
1733.333	1644.333
1721.333	1680.333
1729.333	1715.889
1751.111	1721.222
1771.556	1707.444
1754.222	1689.222

limite vasos
x(um)	y(um)	
2012	1746.111
2004.889	1766.556
2013.778	1781.222
2031.111	1786.111
2040.444	1774.111
2043.111	1758.111
2027.111	1743

limite vasos
x(um)	y(um)	
1806.222	1664
1827.556	1678.222
1843.111	1671.556
1848.889	1651.111
1854.667	1624
1832	1600.444
1806.667	1611.111
1793.333	1633.333

limite vasos
x(um)	y(um)	
2094.111	1768.111
2074.556	1770.333
2067	1790.778
2071.889	1801.889
2095.444	1805.889
2107.444	1788.111

limite vasos
x(um)	y(um)	
1869.222	1799.667
1845.667	1799.222
1843	1828.556
1855	1844.556
1876.778	1852.111
1893.667	1845.444
1884.333	1831.222
1882.111	1812.556

limite vasos
x(um)	y(um)	
2013.667	1640.444
2034.111	1636.889
2055	1631.111
2061.667	1615.111
2063.889	1588
2044.333	1579.556
2031.889	1591.556
2025.222	1613.333
2017.667	1622.222

limite vasos
x(um)	y(um)	
2005.333	1460.889
1982.667	1464
1979.556	1478.222
1984.444	1493.333
2004.889	1497.778
2018.222	1486.667
2019.556	1472

limite vasos
x(um)	y(um)	
2213.556	1336.111
2208.667	1346.778
2218	1354.778
2235.778	1352.556
2236.222	1332.556
2226.444	1328.556

limite vasos
x(um)	y(um)	
2139.333	1218.556
2136.222	1235
2138.889	1261.222
2151.778	1263.889
2170.889	1258.556
2180.667	1253.222
2208.667	1255.444
2229.556	1244.778
2224.667	1225.222
2207.778	1223
2182	1223.889
2158.444	1216.333

limite vasos
x(um)	y(um)	
1825.556	1268.444
1831.333	1288.889
1846.444	1306.222
1868.222	1331.111
1891.333	1320.444
1886	1300.444
1889.111	1284.444
1875.333	1266.222
1857.111	1259.111
1838.444	1260.889

limite vasos
x(um)	y(um)	
2242.556	1054
2237.222	1067.778
2240.333	1089.556
2243.889	1109.111
2268.333	1120.222
2293.222	1112.667
2295.444	1092.667
2293.667	1077.556

limite vasos
x(um)	y(um)	
2272.333	1169.111
2281.222	1184.222
2291.444	1200.667
2299.444	1218.444
2315	1235.333
2324.778	1233.111
2335	1222.444
2331.444	1208.222
2305.667	1176.222
2285.667	1161.111

limite vasos
x(um)	y(um)	
2228.778	1109.556
2211	1081.556
2195	1076.222
2175	1086.444
2175	1110
2176.333	1134
2192.778	1148.222
2214.556	1142.444
2225.222	1159.778
2254.111	1153.556
2247	1132.667

limite vasos
x(um)	y(um)	
2661.222	1132.778
2671	1159
2683.889	1196.333
2679.889	1221.667
2684.333	1246.556
2716.778	1249.667
2747.889	1234.556
2767.445	1217.667
2783.889	1192.778
2788.333	1172.333

limite vasos
x(um)	y(um)	
2474.556	1199.889
2480.778	1179
2483	1150.111
2476.778	1132.778
2444.778	1132.333
2435.889	1150.111
2406.111	1179.889
2419	1191
2436.333	1181.667
2448.333	1212.333

limite vasos
x(um)	y(um)	
2541.222	1193.667
2547.444	1178.111
2530.111	1164.778
2511.889	1173.667
2511.889	1196.333
2500.333	1207.444
2519.444	1216.778
2530.556	1200.778

limite vasos
x(um)	y(um)	
2845.667	1300.556
2828.333	1304.556
2824.333	1329.444
2827.445	1353.444
2836.778	1369
2851.889	1379.667
2879.889	1376.111
2896.778	1355.667
2895.889	1336.111
2881.667	1325.444
2869.667	1320.111

limite vasos
x(um)	y(um)	
3057	1465.333
3017.445	1446.222
2997	1448.889
2993.889	1467.111
3005.889	1487.111
3021	1500.444
3042.778	1506.222
3058.778	1490.667

limite vasos
x(um)	y(um)	
2674.778	1485.778
2678.778	1501.778
2706.778	1517.333
2724.555	1512
2743.222	1503.111
2753.445	1484.444
2740.111	1473.778
2717.889	1458.222
2692.111	1461.333
2681.444	1471.111

limite vasos
x(um)	y(um)	
3238.445	1596.667
3212.222	1598.444
3191.778	1606
3175.778	1623.333
3181.111	1637.556
3197.111	1642
3222	1639.778
3237.555	1627.333
3242.445	1609.111

limite vasos
x(um)	y(um)	
3256.667	1599.778
3251.333	1603.778
3250.889	1618.889
3249.555	1634
3239.778	1643.333
3217.555	1659.778
3214.445	1671.333
3214	1692.667
3224.667	1693.556
3227.333	1711.333
3217.111	1713.111
3222.445	1728.667
3235.333	1726.667
3240.222	1742.222
3247.333	1728.889
3248.667	1718.667
3246.445	1708.444
3245.111	1687.556
3250	1681.778
3263.778	1668.889
3267.778	1653.778
3265.111	1642.222
3267.333	1627.111
3268.222	1610.222

limite vasos
x(um)	y(um)	
3375.667	1638.222
3392.555	1644.444
3418.778	1643.556
3433.445	1617.778
3421.889	1602.667
3398.333	1599.111
3381.889	1620

limite vasos
x(um)	y(um)	
3560.222	1763.556
3559.333	1744.889
3534	1740.444
3530.445	1752.444
3532.667	1765.333
3551.333	1771.111

limite vasos
x(um)	y(um)	
3785.445	1904.556
3796.111	1875.222
3777.445	1859.222
3760.555	1859.222
3738.333	1884.556
3750.333	1905
3777	1913.889
	
limite vasos
x(um)	y(um)
3696.555	1922.778
3708.111	1903.222
3708.555	1886.778
3695.667	1860.556
3675.222	1868.111
3664.111	1881
3654.333	1904.556
3668.111	1926.333
3681	1926.778
	
limite vasos
x(um)	y(um)
3725	1783.222
3707.667	1773
3694.333	1777.444
3688.555	1797.444
3705	1811.667
3721	1811.222
3731.222	1801
	
limite vasos
x(um)	y(um)
3618.333	1842.778
3622.333	1829.444
3616.555	1817
3600.555	1804.111
3590.778	1817
3585.445	1827.222
3587.667	1839.222
3605	1843.667
	
limite vasos
x(um)	y(um)
3763.667	2011.889
3746.778	2012.778
3725.889	2013.222
3721.889	2051.444
3735.667	2075.444
3749.889	2064.778
3754.778	2059.889
3762.333	2035.444
	
limite vasos
x(um)	y(um)
3670.333	2047
3666.778	2030.111
3645	2013.667
3613.889	2015.889
3613.445	2028.778
3615.667	2043.444
3640.111	2055.889
3656.555	2059
	
limite vasos
x(um)	y(um)
3994.333	1806.222
4001.445	1824.889
4021.889	1836.444
4039.667	1825.333
4045	1806.222
4035.222	1795.556
4020.555	1788.889
4005	1794.667
	
limite vasos
x(um)	y(um)
3937.111	1527.556
3940.222	1552.444
3944.667	1567.111
3934	1584.889
3921.555	1599.556
3922	1624.889
3942.889	1628.444
3953.555	1616.444
3968.667	1597.333
3985.555	1579.556
3975.778	1556
3970	1526.667
	
limite vasos
x(um)	y(um)
3842	1522.667
3842.445	1510.667
3835.778	1485.333
3820.667	1477.778
3808.222	1488.444
3801.111	1505.333
3806	1521.333
3814.889	1540.444
3829.555	1540.444
	
limite vasos
x(um)	y(um)
3801.111	1603.556
3794	1589.333
3775.778	1575.556
3754.889	1576.444
3738	1587.111
3717.555	1619.111
3726.445	1648.444
3755.778	1656
3774	1636.889
3791.333	1621.778
	
limite vasos
x(um)	y(um)
3991.555	1720.889
3970.222	1724.889
3964.445	1734.667
3963.111	1748
3974.222	1756.444
3996.445	1747.556
3994.222	1732.889

limite vasos
x(um)	y(um)	
3748.445	1691.556
3755.555	1679.111
3740.889	1663.111
3718.667	1662.222
3714.667	1673.778
3716	1692
3732	1696.444

limite vasos
x(um)	y(um)	
3654.111	1652.778
3664.778	1630.111
3649.667	1604.333
3624.333	1599.444
3604.333	1620.778
3615	1647
3631	1660.778

limite vasos
x(um)	y(um)	
3607	1471.222
3602.555	1445.889
3599	1438.333
3572.333	1434.333
3563.445	1448.111
3562.555	1471.222
3567	1493
3583.445	1493.889
3597.667	1483.667

limite vasos
x(um)	y(um)	
3374.111	1411.667
3364.778	1435.222
3373.667	1452.111
3387.445	1453.444
3400.778	1444.556
3400.778	1425.444
3396.778	1413

limite vasos
x(um)	y(um)	
3376.111	1689.111
3373.445	1703.778
3398.333	1711.333
3425	1707.333
3423.667	1689.111
3413.889	1679.333
3396.111	1679.333
3381.889	1683.778

limite vasos
x(um)	y(um)	
2637.778	1391.222
2639.111	1405
2655.111	1415.222
2682.222	1396.556
2698.222	1383.222
2706.667	1359.222
2702.667	1335.222
2683.111	1328.111
2672.889	1345
2663.111	1364.556
2645.778	1379.222
2617.778	1509.444
2607.556	1515.667
2604	1529.444
2614.667	1536.556
2634.667	1531.667
2632.889	1518.333

limite vasos
x(um)	y(um)	
2626.222	1182.333
2617.333	1192.111
2618.222	1218.333
2616.444	1242.778
2638.222	1243.222
2637.778	1224.556
2636.889	1204.111
2636.444	1189.444

limite vasos
x(um)	y(um)	
2689.333	1261.889
2676	1266.778
2684.444	1282.778
2700.889	1289.889
2710.222	1278.778
2704	1268.556

limite vasos
x(um)	y(um)	
2881.333	1255.667
2868.889	1245.444
2830.667	1229
2820	1223.667
2796.889	1214.778
2782.222	1230.778
2804.889	1248.111
2829.778	1261.444
2865.778	1274.333
2877.778	1266.778

limite vasos
x(um)	y(um)	
2525.667	1596.444
2526.556	1580.889
2508.778	1573.333
2494.556	1567.556
2485.667	1554.667
2483	1536
2453.222	1545.333
2452.333	1561.778
2471	1577.778
2489.222	1592
2501.667	1600

limite vasos
x(um)	y(um)	
2592.444	1400.778
2572	1401.222
2555.111	1403.444
2551.111	1423
2561.778	1435
2582.667	1428.333
2595.111	1419.889

limite vasos
x(um)	y(um)	
1247.444	1892.111
1240.333	1884.556
1208.778	1885.444
1201.222	1901.444
1211	1925
1235	1926.778
1252.333	1914.778

limite vasos
x(um)	y(um)	
1247.444	1605.889
1258.111	1612.556
1278.556	1601
1268.333	1586.333
1244.778	1573
1244.333	1560.556
1225.667	1552.556
1204.778	1551.222
1183.444	1559.667
1166.556	1585
1173.222	1609.889
1186.111	1598.333
1197.222	1586.778
1204.333	1606.778
1219	1612.556
1238.556	1608.556

limite vasos
x(um)	y(um)	
1300.333	1738.556
1282.556	1739
1262.111	1741.222
1247.444	1768.333
1249.667	1790.556
1248.778	1814.111
1260.333	1829.222
1281.222	1828.778
1298.556	1820.778
1332.778	1825.667
1347.444	1819.444
1349.667	1803.889
1332.333	1793.222
1321.222	1784.778
1295	1790.556
1281.222	1801.222
1272.778	1790.111
1289.222	1772.778
1296.333	1760.333

limite vasos
x(um)	y(um)	
1302.222	1529.667
1311.111	1515.889
1308.889	1494.556
1302.667	1479.444
1272.444	1488.333
1251.556	1487.889
1236	1512.778
1250.667	1538.111
1258.222	1543
1268	1565.667
1276	1574.111
1292	1563.889
1282.667	1550.111
1267.111	1542.111
1282.667	1535.889
1293.778	1532.333

limite vasos
x(um)	y(um)	
1311.111	1373.667
1285.333	1361.222
1268	1381.667
1262.667	1406.111
1271.111	1432.778
1273.778	1463.889
1292	1472.778
1304	1462.111
1303.111	1438.556
1310.667	1407

limite vasos
x(um)	y(um)	
1174.222	1531.889
1186.667	1530.111
1202.222	1526.111
1199.556	1502.556
1174.222	1496.333
1166.667	1503.444
1163.111	1519.889

limite vasos
x(um)	y(um)	
1189.778	1403
1168.444	1402.556
1159.111	1424.778
1167.556	1448.778
1169.778	1472.333
1198.667	1491.889
1227.111	1489.222
1244.444	1479.889
1248.889	1457.222
1244.444	1440.333
1223.556	1435.889
1223.111	1457.222
1209.333	1451.444
1183.111	1442.556
1186.222	1431.889
1193.778	1418.111

limite vasos
x(um)	y(um)	
1432.889	1466
1432.889	1452.667
1406.222	1442.889
1376	1449.111
1348	1465.111
1340.889	1482
1358.222	1496.667
1384.889	1503.333
1399.556	1488.667
1401.333	1468.667
1415.556	1471.333

limite vasos
x(um)	y(um)	
1437.778	1489.111
1434.667	1521.111
1452	1541.111
1472.444	1542
1481.333	1521.556
1492.444	1519.778
1496.444	1493.111
1496.889	1470.889
1468	1468.222
1452	1474.889

limite vasos
x(um)	y(um)	
1543.556	1419.333
1534.222	1411.778
1519.556	1398.444
1510.667	1395.778
1491.556	1425.556
1495.556	1452.222
1506.667	1458.444
1516	1478
1526.667	1490
1544	1494.889
1545.778	1480.222
1546.667	1461.556
1536	1456.667
1544	1437.556

limite vasos
x(um)	y(um)	
1512.889	1306.222
1506.222	1291.556
1484.889	1291.556
1462.667	1308
1459.111	1332.444
1475.111	1348.444
1481.778	1363.111
1488.889	1390.222
1505.333	1380.889
1516.889	1369.778
1512	1347.556
1500.889	1329.778
1506.667	1313.333

limite vasos
x(um)	y(um)	
1424	1397.333
1437.333	1396.444
1446.222	1379.111
1444.444	1347.111
1435.111	1332.889
1419.111	1328
1418.222	1353.778
1418.222	1372.889

limite vasos
x(um)	y(um)	
1389.333	1398.667
1389.333	1382.667
1379.556	1367.556
1359.556	1363.556
1351.556	1376.889
1348.889	1395.111
1364.444	1399.111
1380.889	1398.222

limite vasos
x(um)	y(um)	
1581.778	1324.889
1570.222	1336
1580.889	1361.333
1608.444	1363.111
1632.889	1358.667
1641.333	1341.778
1630.222	1334.222
1616.889	1331.111
1609.333	1334.667
1596.444	1332

limite vasos
x(um)	y(um)	
1360.222	1278.667
1387.778	1276.444
1402.889	1257.778
1416.222	1225.778
1424.667	1194.222
1416.222	1152.889
1398.889	1143.111
1382.444	1170.222
1369.111	1212
1368.667	1245.333

limite vasos
x(um)	y(um)	
1255.333	1025
1257.556	1055.667
1226.889	1056.111
1198	1052.556
1182	1048.556
1177.556	1079.667
1163.778	1101.444
1159.333	1139.222
1173.556	1170.333
1178.556	1213.444
1179.889	1269
1173.222	1281.889
1150.556	1263.667
1140.778	1235.667
1124.333	1229.889
1102.556	1230.778
1109.222	1261.444
1109.667	1275.222
1114.556	1306.333
1131.444	1325
1144.333	1362.778
1144.333	1421.889
1133.444	1444.889
1105	1464.444
1101.444	1505.778
1113.889	1532.889
1115.667	1558.222
1122.778	1606.222
1130.556	1643
1139	1680.778
1152.778	1732.778
1155.444	1771.444
1139.778	1816.778
1144.667	1858.111
1127.333	1868.778
1092.222	1831
1093.556	1798.111
1094.889	1763.889
1066	1715.889
1060.667	1683
1057.556	1648.778
1049.556	1616.333
1030	1580.333
1025.111	1548.333
1029.556	1525.222
1026.889	1506.556
1034.889	1469.667
1039.778	1445.222
1039.778	1423.889
1037.444	1407.778
1029.444	1353.111
1017.444	1335.778
996.111	1317.111
989.111	1302.889
979.333	1277.111
974	1228.222
971.333	1206.444
997.111	1181.556
1001.111	1168.222
1001.222	1159
985.667	1118.556
990.111	1091.444
1003.889	1075
1027.444	1049.222
1046.111	1041.222
1077.667	1031.889

limite vasos
x(um)	y(um)	
1287.889	1005.222
1295.889	1015
1298.111	1047
1299	1067
1303.889	1086.556
1307.889	1110.111
1323.444	1134.111
1347.889	1135.444
1359	1119
1371	1097.222
1372.333	1063.444
1374.111	1045.222
1373.222	1027.889
1363	1008.333
1359	994.111

limite vasos
x(um)	y(um)	
1656.333	1333.333
1693.667	1248.667
1845	1330.667
1808.333	1409.333

limite vasos
x(um)	y(um)	
1853.667	1424
1873.667	1418.667
1903	1424
1911.667	1453.333
1914.333	1475.333
1910.333	1502
1915	1552
1914.333	1574
1919	1595.333
1907.667	1630.667
1908.333	1642
1884.333	1638.667
1879	1621.333
1872.333	1598
1857.667	1562
1851	1536
1850.333	1492.667
1852.333	1463.333
1854.333	1436.667

limite vasos
x(um)	y(um)	
1543.667	994.667
1522.333	1023.333
1513.667	1045.333
1529	1094.667
1547	1135.333
1571	1167.333
1593	1164
1617	1143.333
1623.667	1103.333
1631	1053.333
1591.667	992.667
1573	988

limite vasos
x(um)	y(um)	
1886.333	997.333
1895.667	1034
1922.333	1056
1957.667	1056.667
2005	1056.667
2001.667	1033.333
1963.667	1012

limite vasos
x(um)	y(um)	
1779	1095.333
1763.667	1104.667
1766.333	1136
1777.667	1170
1791	1160.667
1796.333	1140.667
1795	1118.667

limite vasos
x(um)	y(um)	
1960.333	1146.667
1934.333	1141.333
1917.667	1154.667
1930.333	1174
1955.667	1171.333

limite vasos
x(um)	y(um)	
1843	1027.333
1819.667	1022.667
1801	1034.667
1823.667	1055.333
1847.667	1062.667
1849.667	1043.333

limite vasos
x(um)	y(um)	
1478.333	1647.667
1515.667	1645
1523	1631
1536.333	1613.667
1522.333	1602.333
1476.333	1597
1465.667	1603
1455	1633

limite vasos
x(um)	y(um)	
927.667	1268.333
933.667	1255.333
925.333	1228
904.667	1233.333
894.667	1245
905	1265.667

limite vasos
x(um)	y(um)	
894	1312.333
884.667	1316.333
868.333	1321.667
859.333	1350.667
877.333	1351
889.333	1343.333
901.333	1329.667

limite vasos
x(um)	y(um)	
918.333	1373.667
915.333	1363.667
901.667	1361.333
881	1364.667
869.667	1365
871	1372.667
882.333	1374
895.667	1384
910.667	1385

limite vasos
x(um)	y(um)	
596	1819.667
594	1806.333
594.667	1785.667
597.333	1767.667
585.667	1752
577.333	1739.333
561.667	1720
552	1713.667
536.333	1699
523	1688
507	1677.333
492.667	1673.333
495	1698.333
508.333	1707
523.333	1721.333
539.667	1740.333
560.333	1765
576.667	1778.333
584.333	1812.333

limite vasos
x(um)	y(um)	
622.333	1430.333
620.667	1414.667
611	1399.667
592.333	1392.667
583.333	1377.333
580.667	1369.333
560	1353.667
537.667	1366.667
553.667	1401.333
572.333	1409
594.667	1428

limite vasos
x(um)	y(um)	
1293	1171.333
1270.667	1173.333
1268.333	1187.333
1275.667	1209.667
1293.667	1204.667
1301.667	1197.667
1303.333	1184.333

limite vasos
x(um)	y(um)	
1248.667	1317
1246.333	1295.333
1236.333	1285
1221.333	1280.333
1210	1284.333
1205.667	1298.333
1218.667	1314
1228.667	1321
1238	1327.667

limite vasos
x(um)	y(um)	
1734	1041.333
1736.333	1027.667
1726.667	1013
1713.333	1008.667
1699.333	1017
1697.667	1033.667
1720	1045

limite vasos
x(um)	y(um)	
1658	1061
1639	1063.333
1635.667	1051.667
1638	1034.667
1641	1031.667
1658.667	1037.667
1669	1035.333
1671.333	1037.333
1657	1041.667
1656	1051

limite vasos
x(um)	y(um)	
1654.667	1154.667
1647.333	1146
1630.333	1153.333
1634	1170.667
1647.333	1169.333
1654	1166.333

limite vasos
x(um)	y(um)	
1939	1377.667
1935.333	1367
1918	1354.333
1896.667	1358
1892	1374.333
1900	1387.667
1922.333	1393.667
1939	1394

limite vasos
x(um)	y(um)	
2075	1041
2067	1049.333
2057.667	1064.333
2069.333	1079.667
2079.333	1069.333
2091	1053.667
2092.667	1041.333

limite vasos
x(um)	y(um)	
2127	1040.333
2121.667	1050.667
2131.667	1062.667
2148.333	1056.667
2165	1040.333
2166	1025

limite vasos
x(um)	y(um)	
1699.333	1563.333
1699.333	1581.667
1723.667	1588.333
1750	1570
1755.667	1549.333
1755	1535
1744	1515.667
1727.333	1504.333
1719.667	1518.333
1725	1531
1709.333	1550.333

limite vasos
x(um)	y(um)	
1834	1919
1808.667	1913
1789.333	1894.667
1774.667	1884.333
1760	1882.667
1758.667	1867.667
1756.667	1851.333
1757.667	1830.667
1775.667	1817.333
1782.667	1826.667
1786	1843.333
1804.333	1843
1806.667	1866.667
1812.667	1885
1827	1898.333
1835	1909.333

limite vasos
x(um)	y(um)	
1789.667	1813.333
1805.667	1822.667
1810	1816.333
1823	1799
1823.333	1788.667
1816.333	1775.667
1804.333	1778.667
1792.333	1790
1788.667	1802

limite vasos
x(um)	y(um)	
1737.333	1877.667
1735.667	1866
1728.333	1857.667
1716	1855
1697	1861
1695.333	1877
1705.333	1887
1722.667	1893.667
1737.333	1887

limite vasos
x(um)	y(um)	
1607.333	1642
1609.333	1625.333
1592.667	1617
1577.333	1619.333
1576.667	1637
1593	1650

limite vasos
x(um)	y(um)	
1535.667	1665
1552.667	1667.667
1565.667	1658.333
1564	1644
1551.667	1631.667
1538	1643.667

limite vasos
x(um)	y(um)	
1701.667	1400.333
1697	1392.667
1685	1392.333
1669.667	1406
1681.333	1422.333
1700.667	1421.333

limite vasos
x(um)	y(um)	
1746	1404.667
1739	1422.667
1745.667	1435.333
1759.333	1427
1774.667	1424.667
1796	1425
1813.333	1433
1824	1443.333
1844	1435.667
1846	1419
1829.333	1409.667
1827.667	1393.667
1817.333	1392.667
1814.333	1406
1800.333	1408
1789.333	1397.333
1765.667	1389
1762	1396.333

limite vasos
x(um)	y(um)	
1677.333	1103.667
1664	1096.333
1655.667	1102.667
1651.667	1116.667
1665.333	1126.667
1674.667	1119.667
1677.667	1110.667

limite vasos
x(um)	y(um)	
1765.667	1167
1754	1163
1745.333	1172.333
1742.333	1179
1761.667	1188
1772.667	1183

limite vasos
x(um)	y(um)	
1488.667	1251.667
1486.333	1242.667
1470.333	1237.333
1457.667	1248.333
1468	1261.333
1481.333	1260.667

limite vasos
x(um)	y(um)	
1457.333	1000.333
1452	992.667
1429.667	995.333
1426.667	1005.667
1434.667	1016
1451.333	1009.667

limite vasos
x(um)	y(um)	
3417	2023.333
3422	2015.667
3426.333	2002.667
3423	1990
3434.667	1979.667
3427.667	1967
3411.333	1994.333
3412	2005
3410.667	2016.333

limite vasos
x(um)	y(um)	
3290.667	1901.333
3314.667	1898.333
3317.333	1885.333
3317.667	1875.333
3315.333	1865.333
3306.667	1852
3300.667	1854.333
3306.333	1873.667
3301.667	1888.667
3288.333	1892.333

limite vasos
x(um)	y(um)	
2954.555	1692.111
2954.555	1680.111
2943	1686.778
2931.889	1691.222
2922.111	1695.222
2891.889	1693
2879.445	1687.667
2875.445	1676.111
2891	1666.778
2893.667	1651.667
2907.889	1669.444
2921.222	1669
2937.667	1672.556
2953.222	1673.444

limite vasos
x(um)	y(um)	
2931.778	1918.778
2924.667	1914.778
2891.333	1903.222
2883.778	1885.444
2882.889	1860.111
2884.667	1845
2874.889	1849.889
2860.222	1865
2851.778	1876.556
2866.445	1887.667
2870.889	1881.889
2888.222	1911.222
2906.445	1921.444

limite vasos
x(um)	y(um)	
2926.445	1925.444
2697.778	1863.667
2687.333	1857.222
2678.667	1858.111
2671.778	1861.667
2676.889	1875.222
2691.333	1876.111
2696.667	1871.667

limite vasos
x(um)	y(um)	
2433.333	1673
2444.667	1675.333
2448.333	1667
2452	1657
2437.667	1648.333
2431	1656
2433.333	1659.667

limite vasos
x(um)	y(um)	
2464.333	1618.333
2461.667	1612
2451.333	1599.667
2445.667	1594
2435.333	1583
2423	1586.667
2426.333	1597.667
2433	1610.667
2450.667	1620.333

limite vasos
x(um)	y(um)	
2531	1557.667
2533	1548.667
2531.333	1534.667
2528.667	1522.667
2513.333	1516.667
2504.667	1522.667
2504.333	1536.667
2515	1551

limite vasos
x(um)	y(um)	
2521.667	1400.333
2519.667	1387.667
2514.333	1379.667
2507.333	1377.333
2495.333	1379
2493	1397
2506	1404

limite vasos
x(um)	y(um)	
2453	1314
2311.667	1278
2324	1293.333
2345	1290.667
2347	1275.667
2337.667	1264
2329.667	1257.667
2317.333	1266.333

limite vasos
x(um)	y(um)	
2366	1109
2376.333	1116.333
2394	1126
2405.667	1135
2423.333	1130.333
2424	1122
2403.667	1108.333
2389.667	1101.667
2367	1101.333
