Experiment	E_250_50
simulation_time	604800
time_of_Measures
0	259200	604800	
time_of_Simulated_Points
0	5400	10800	21600	43200	86400	172800	259200	432000	604800
Measures
CortexMeasure	DATOS_3dpl_CONTROL_resultados
dia	0
tissue_width	0.0001
inj_width	0
inj_length	5327.37
minimal_tissue_distance	50
minimal_vaso_distance	50
x_pos
0	250	500	1000	1500	2000	2500	3000	3500	4000	4500	5000	5500	6000	6500	7000	
area_covered_by_Astrocytes
821632	889164	1.06661e+06	753870	751893	461669	225358	129797	0	0	0	0	0	0	0	
total_number_of_Astrocytes
224	127	270	163	134	117	17	4	0	0	0	0	0	0	0	
number_of_Astrocytes_of_each_type
33	75	0	0	0	0	0	
29	31	0	0	0	0	0	
62	64	0	0	0	0	0	
26	50	0	0	0	0	0	
18	40	0	0	0	0	0	
29	26	0	0	0	0	0	
6	7	0	0	0	0	0	
3	1	0	0	0	0	0	
0	0	0	0	0	0	0	
0	0	0	0	0	0	0	
0	0	0	0	0	0	0	
0	0	0	0	0	0	0	
0	0	0	0	0	0	0	
0	0	0	0	0	0	0	
0	0	0	0	0	0	0	

density_of_Astrocytes_of_each_type
0.000272628	0.000142831	0.00025314	0.000216218	0.000178217	0.000253428	7.54355e-05	3.08173e-05	-nan	-nan	-nan	-nan	-nan	-nan	-nan	
covariance_of_number_of_Astrocytes_of_each_type
0	0	0	0	0	0	0	
	0	0	0	0	0	0	0	
	0	0	0	0	0	0	0	
	0	0	0	0	0	0	0	
	0	0	0	0	0	0	0	
	0	0	0	0	0	0	0	
	0	0	0	0	0	0	0	
	
0	0	0	0	0	0	0	
	0	0	0	0	0	0	0	
	0	0	0	0	0	0	0	
	0	0	0	0	0	0	0	
	0	0	0	0	0	0	0	
	0	0	0	0	0	0	0	
	0	0	0	0	0	0	0	
	
0	0	0	0	0	0	0	
	0	0	0	0	0	0	0	
	0	0	0	0	0	0	0	
	0	0	0	0	0	0	0	
	0	0	0	0	0	0	0	
	0	0	0	0	0	0	0	
	0	0	0	0	0	0	0	
	
0	0	0	0	0	0	0	
	0	0	0	0	0	0	0	
	0	0	0	0	0	0	0	
	0	0	0	0	0	0	0	
	0	0	0	0	0	0	0	
	0	0	0	0	0	0	0	
	0	0	0	0	0	0	0	
	
0	0	0	0	0	0	0	
	0	0	0	0	0	0	0	
	0	0	0	0	0	0	0	
	0	0	0	0	0	0	0	
	0	0	0	0	0	0	0	
	0	0	0	0	0	0	0	
	0	0	0	0	0	0	0	
	
0	0	0	0	0	0	0	
	0	0	0	0	0	0	0	
	0	0	0	0	0	0	0	
	0	0	0	0	0	0	0	
	0	0	0	0	0	0	0	
	0	0	0	0	0	0	0	
	0	0	0	0	0	0	0	
	
0	0	0	0	0	0	0	
	0	0	0	0	0	0	0	
	0	0	0	0	0	0	0	
	0	0	0	0	0	0	0	
	0	0	0	0	0	0	0	
	0	0	0	0	0	0	0	
	0	0	0	0	0	0	0	
	
0	0	0	0	0	0	0	
	0	0	0	0	0	0	0	
	0	0	0	0	0	0	0	
	0	0	0	0	0	0	0	
	0	0	0	0	0	0	0	
	0	0	0	0	0	0	0	
	0	0	0	0	0	0	0	
	
0	0	0	0	0	0	0	
	0	0	0	0	0	0	0	
	0	0	0	0	0	0	0	
	0	0	0	0	0	0	0	
	0	0	0	0	0	0	0	
	0	0	0	0	0	0	0	
	0	0	0	0	0	0	0	
	
0	0	0	0	0	0	0	
	0	0	0	0	0	0	0	
	0	0	0	0	0	0	0	
	0	0	0	0	0	0	0	
	0	0	0	0	0	0	0	
	0	0	0	0	0	0	0	
	0	0	0	0	0	0	0	
	
0	0	0	0	0	0	0	
	0	0	0	0	0	0	0	
	0	0	0	0	0	0	0	
	0	0	0	0	0	0	0	
	0	0	0	0	0	0	0	
	0	0	0	0	0	0	0	
	0	0	0	0	0	0	0	
	
0	0	0	0	0	0	0	
	0	0	0	0	0	0	0	
	0	0	0	0	0	0	0	
	0	0	0	0	0	0	0	
	0	0	0	0	0	0	0	
	0	0	0	0	0	0	0	
	0	0	0	0	0	0	0	
	
0	0	0	0	0	0	0	
	0	0	0	0	0	0	0	
	0	0	0	0	0	0	0	
	0	0	0	0	0	0	0	
	0	0	0	0	0	0	0	
	0	0	0	0	0	0	0	
	0	0	0	0	0	0	0	
	
0	0	0	0	0	0	0	
	0	0	0	0	0	0	0	
	0	0	0	0	0	0	0	
	0	0	0	0	0	0	0	
	0	0	0	0	0	0	0	
	0	0	0	0	0	0	0	
	0	0	0	0	0	0	0	
	
0	0	0	0	0	0	0	
	0	0	0	0	0	0	0	
	0	0	0	0	0	0	0	
	0	0	0	0	0	0	0	
	0	0	0	0	0	0	0	
	0	0	0	0	0	0	0	
	0	0	0	0	0	0	0	
	

	CortexMeasure	DATOS_3dpl_resultados
dia	3
tissue_width	0.0001
inj_width	1136.76
inj_length	4259.51
minimal_tissue_distance	50
minimal_vaso_distance	50
x_pos
0	250	500	1000	1500	2000	2500	3000	3500	4000	4500	5000	5500	6000	6500	7000	
area_covered_by_Astrocytes
865172	898658	1.81414e+06	1.93867e+06	1.80642e+06	1.77953e+06	1.3075e+06	926515	297034	1591.08	0	0	0	0	0	
total_number_of_Astrocytes
319	502	1155	1468	1338	1087	445	242	49	0	0	0	0	0	0	
number_of_Astrocytes_of_each_type
0	0	17.1	102.9	0	0	0	
0	0	44.2	151.8	0	0	0	
14.8	3	162.1	265.1	0	0	0	
91.4	74	250.7	106.9	0	0	0	
115.8	153	177.4	49.8	0	0	0	
127.4	157	130.1	14.5	0	0	0	
74.4	134	53.2	1.4	0	0	0	
47.4	101	8.6	0	0	0	0	
6	26	0	0	0	0	0	
0	0	0	0	0	0	0	
0	0	0	0	0	0	0	
0	0	0	0	0	0	0	
0	0	0	0	0	0	0	
0	0	0	0	0	0	0	
0	0	0	0	0	0	0	

density_of_Astrocytes_of_each_type
0.000368713	0.000558611	0.000636667	0.000757221	0.000740692	0.000610836	0.000340344	0.000261194	0.000164964	0	-nan	-nan	-nan	-nan	-nan	
covariance_of_number_of_Astrocytes_of_each_type
0	0	0	0	0	0	0	
	0	0	0	0	0	0	0	
	0	0	7.49	-7.49	0	0	0	
	0	0	-7.49	7.49	0	0	0	
	0	0	0	0	0	0	0	
	0	0	0	0	0	0	0	
	0	0	0	0	0	0	0	
	
0	0	0	0	0	0	0	
	0	0	0	0	0	0	0	
	0	0	10.84	-10.84	0	0	0	
	0	0	-10.84	10.84	0	0	0	
	0	0	0	0	0	0	0	
	0	0	0	0	0	0	0	
	0	0	0	0	0	0	0	
	
7.44	0	-7.44	0	0	0	0	
	0	0	0	0	0	0	0	
	-7.44	0	34.51	-27.07	0	0	0	
	0	0	-27.07	27.07	0	0	0	
	0	0	0	0	0	0	0	
	0	0	0	0	0	0	0	
	0	0	0	0	0	0	0	
	
24.4	0	-24.4	0	0	0	0	
	0	0	0	0	0	0	0	
	-24.4	0	43.47	-19.07	0	0	0	
	0	0	-19.07	19.07	0	0	0	
	0	0	0	0	0	0	0	
	0	0	0	0	0	0	0	
	0	0	0	0	0	0	0	
	
23.42	0	-23.42	0	0	0	0	
	0	0	0	0	0	0	0	
	-23.42	0	33	-9.58	0	0	0	
	0	0	-9.58	9.58	0	0	0	
	0	0	0	0	0	0	0	
	0	0	0	0	0	0	0	
	0	0	0	0	0	0	0	
	
24.84	0	-24.84	0	0	0	0	
	0	0	0	0	0	0	0	
	-24.84	0	26.89	-2.05	0	0	0	
	0	0	-2.05	2.05	0	0	0	
	0	0	0	0	0	0	0	
	0	0	0	0	0	0	0	
	0	0	0	0	0	0	0	
	
11.42	0	-11.42	0	0	0	0	
	0	0	0	0	0	0	0	
	-11.42	0	12.3	-0.88	0	0	0	
	0	0	-0.88	0.88	0	0	0	
	0	0	0	0	0	0	0	
	0	0	0	0	0	0	0	
	0	0	0	0	0	0	0	
	
1.34	0	-1.34	0	0	0	0	
	0	0	0	0	0	0	0	
	-1.34	0	1.34	0	0	0	0	
	0	0	0	0	0	0	0	
	0	0	0	0	0	0	0	
	0	0	0	0	0	0	0	
	0	0	0	0	0	0	0	
	
0	0	0	0	0	0	0	
	0	0	0	0	0	0	0	
	0	0	0	0	0	0	0	
	0	0	0	0	0	0	0	
	0	0	0	0	0	0	0	
	0	0	0	0	0	0	0	
	0	0	0	0	0	0	0	
	
0	0	0	0	0	0	0	
	0	0	0	0	0	0	0	
	0	0	0	0	0	0	0	
	0	0	0	0	0	0	0	
	0	0	0	0	0	0	0	
	0	0	0	0	0	0	0	
	0	0	0	0	0	0	0	
	
0	0	0	0	0	0	0	
	0	0	0	0	0	0	0	
	0	0	0	0	0	0	0	
	0	0	0	0	0	0	0	
	0	0	0	0	0	0	0	
	0	0	0	0	0	0	0	
	0	0	0	0	0	0	0	
	
0	0	0	0	0	0	0	
	0	0	0	0	0	0	0	
	0	0	0	0	0	0	0	
	0	0	0	0	0	0	0	
	0	0	0	0	0	0	0	
	0	0	0	0	0	0	0	
	0	0	0	0	0	0	0	
	
0	0	0	0	0	0	0	
	0	0	0	0	0	0	0	
	0	0	0	0	0	0	0	
	0	0	0	0	0	0	0	
	0	0	0	0	0	0	0	
	0	0	0	0	0	0	0	
	0	0	0	0	0	0	0	
	
0	0	0	0	0	0	0	
	0	0	0	0	0	0	0	
	0	0	0	0	0	0	0	
	0	0	0	0	0	0	0	
	0	0	0	0	0	0	0	
	0	0	0	0	0	0	0	
	0	0	0	0	0	0	0	
	
0	0	0	0	0	0	0	
	0	0	0	0	0	0	0	
	0	0	0	0	0	0	0	
	0	0	0	0	0	0	0	
	0	0	0	0	0	0	0	
	0	0	0	0	0	0	0	
	0	0	0	0	0	0	0	
	

	CortexMeasure	DATOS_7dpl_resultados
dia	7
tissue_width	0.0001
inj_width	609.843
inj_length	11396.3
minimal_tissue_distance	50
minimal_vaso_distance	50
x_pos
0	250	500	1000	1500	2000	2500	3000	3500	4000	4500	5000	5500	6000	6500	7000	
area_covered_by_Astrocytes
2.3088e+06	1.97558e+06	3.40653e+06	3.49762e+06	3.27957e+06	3.29934e+06	3.40081e+06	2.9469e+06	2.36054e+06	1.77518e+06	752400	264599	0	0	0	
total_number_of_Astrocytes
756	1091	2143	2273	1826	1597	1578	1002	795	457	153	30	0	0	0	
number_of_Astrocytes_of_each_type
0.7	0	5.9	41.2	190.2	0	0	
2.3	0	31.9	128.6	193.2	0	0	
11.3	27	154.6	346.1	138	0	0	
27.9	125	255.4	272.7	14	0	0	
30.9	143	275.5	145.1	1.5	0	0	
36.5	162	235.2	119.3	0	0	0	
37.5	199	249.6	79.9	0	0	0	
56.5	143	216.2	23.3	0	0	0	
64	123	220.5	7.5	0	0	0	
56.5	78	126.5	0	0	0	0	
21.4	30	28.6	0	0	0	0	
1.7	12	1.3	0	0	0	0	
0	0	0	0	0	0	0	
0	0	0	0	0	0	0	
0	0	0	0	0	0	0	

density_of_Astrocytes_of_each_type
0.000327442	0.000552242	0.000629086	0.00064987	0.00055678	0.000484035	0.000464007	0.000340019	0.000336787	0.000257439	0.000203349	0.000113379	-nan	-nan	-nan	
covariance_of_number_of_Astrocytes_of_each_type
0.21	0	-0.21	0	0	0	0	
	0	0	0	0	0	0	0	
	-0.21	0	2.55	-2.34	0	0	0	
	0	0	-2.34	12.62	-10.28	0	0	
	0	0	0	-10.28	10.28	0	0	
	0	0	0	0	0	0	0	
	0	0	0	0	0	0	0	
	
1.21	0	-1.21	0	0	0	0	
	0	0	0	0	0	0	0	
	-1.21	0	5.69	-4.48	0	0	0	
	0	0	-4.48	29.34	-24.86	0	0	
	0	0	0	-24.86	24.86	0	0	
	0	0	0	0	0	0	0	
	0	0	0	0	0	0	0	
	
5.47	0	-5.47	0	0	0	0	
	0	0	0	0	0	0	0	
	-5.47	0	31.14	-25.67	0	0	0	
	0	0	-25.67	63.47	-37.8	0	0	
	0	0	0	-37.8	37.8	0	0	
	0	0	0	0	0	0	0	
	0	0	0	0	0	0	0	
	
13.09	0	-13.09	0	0	0	0	
	0	0	0	0	0	0	0	
	-13.09	0	39.74	-26.65	0	0	0	
	0	0	-26.65	32.13	-5.48	0	0	
	0	0	0	-5.48	5.48	0	0	
	0	0	0	0	0	0	0	
	0	0	0	0	0	0	0	
	
14.75	0	-14.75	0	0	0	0	
	0	0	0	0	0	0	0	
	-14.75	0	22.29	-7.54	0	0	0	
	0	0	-7.54	8.29	-0.75	0	0	
	0	0	0	-0.75	0.75	0	0	
	0	0	0	0	0	0	0	
	0	0	0	0	0	0	0	
	
15.19	0	-15.19	0	0	0	0	
	0	0	0	0	0	0	0	
	-15.19	0	44.84	-29.65	0	0	0	
	0	0	-29.65	29.65	0	0	0	
	0	0	0	0	0	0	0	
	0	0	0	0	0	0	0	
	0	0	0	0	0	0	0	
	
17.93	0	-17.93	0	0	0	0	
	0	0	0	0	0	0	0	
	-17.93	0	40.2	-22.27	0	0	0	
	0	0	-22.27	22.27	0	0	0	
	0	0	0	0	0	0	0	
	0	0	0	0	0	0	0	
	0	0	0	0	0	0	0	
	
24.55	0	-24.55	0	0	0	0	
	0	0	0	0	0	0	0	
	-24.55	0	30.44	-5.89	0	0	0	
	0	0	-5.89	5.89	0	0	0	
	0	0	0	0	0	0	0	
	0	0	0	0	0	0	0	
	0	0	0	0	0	0	0	
	
29.06	0	-29.06	0	0	0	0	
	0	0	0	0	0	0	0	
	-29.06	0	30.15	-1.09	0	0	0	
	0	0	-1.09	1.09	0	0	0	
	0	0	0	0	0	0	0	
	0	0	0	0	0	0	0	
	0	0	0	0	0	0	0	
	
24.61	0	-24.61	0	0	0	0	
	0	0	0	0	0	0	0	
	-24.61	0	24.61	0	0	0	0	
	0	0	0	0	0	0	0	
	0	0	0	0	0	0	0	
	0	0	0	0	0	0	0	
	0	0	0	0	0	0	0	
	
9.08	0	-9.08	0	0	0	0	
	0	0	0	0	0	0	0	
	-9.08	0	9.08	0	0	0	0	
	0	0	0	0	0	0	0	
	0	0	0	0	0	0	0	
	0	0	0	0	0	0	0	
	0	0	0	0	0	0	0	
	
0.71	0	-0.71	0	0	0	0	
	0	0	0	0	0	0	0	
	-0.71	0	0.71	0	0	0	0	
	0	0	0	0	0	0	0	
	0	0	0	0	0	0	0	
	0	0	0	0	0	0	0	
	0	0	0	0	0	0	0	
	
0	0	0	0	0	0	0	
	0	0	0	0	0	0	0	
	0	0	0	0	0	0	0	
	0	0	0	0	0	0	0	
	0	0	0	0	0	0	0	
	0	0	0	0	0	0	0	
	0	0	0	0	0	0	0	
	
0	0	0	0	0	0	0	
	0	0	0	0	0	0	0	
	0	0	0	0	0	0	0	
	0	0	0	0	0	0	0	
	0	0	0	0	0	0	0	
	0	0	0	0	0	0	0	
	0	0	0	0	0	0	0	
	
0	0	0	0	0	0	0	
	0	0	0	0	0	0	0	
	0	0	0	0	0	0	0	
	0	0	0	0	0	0	0	
	0	0	0	0	0	0	0	
	0	0	0	0	0	0	0	
	0	0	0	0	0	0	0	
	

	
