Experiment	E_250
simulation_time	604800
time_of_Measures
0	259200	604800	
time_of_Simulated_Points
0	259200	604800	
Measures
CortexMeasure	DATOS_3dpl_CONTROL_resultados
dia	0
tissue_width	0.0001
inj_width	0
inj_length	5327.37
minimal_tissue_distance	0
minimal_vaso_distance	0
x_pos
0	250	500	1000	1500	2000	2500	3000	3500	4000	4500	5000	5500	6000	6500	7000	
area_covered_by_Astrocytes
1.2795e+06	1.32442e+06	2.19741e+06	1.57241e+06	1.26809e+06	868485	444735	182154	0	0	0	0	0	0	0	
total_number_of_Astrocytes
304	215	459	328	192	161	31	6	0	0	0	0	0	0	0	
number_of_Astrocytes_of_each_type
45	98	0	0	0	0	0	
43	69	0	0	0	0	0	
108	125	0	0	0	0	0	
64	98	0	0	0	0	0	
37	51	0	0	0	0	0	
39	34	0	0	0	0	0	
13	14	0	0	0	0	0	
4	2	0	0	0	0	0	
0	0	0	0	0	0	0	
0	0	0	0	0	0	0	
0	0	0	0	0	0	0	
0	0	0	0	0	0	0	
0	0	0	0	0	0	0	
0	0	0	0	0	0	0	
0	0	0	0	0	0	0	

density_of_Astrocytes_of_each_type
0.000237592	0.000162335	0.000208882	0.000208597	0.000151409	0.00018538	6.97044e-05	3.29391e-05	-nan	-nan	-nan	-nan	-nan	-nan	-nan	
covariance_of_number_of_Astrocytes_of_each_type
0	0	0	0	0	0	0	
	0	0	0	0	0	0	0	
	0	0	0	0	0	0	0	
	0	0	0	0	0	0	0	
	0	0	0	0	0	0	0	
	0	0	0	0	0	0	0	
	0	0	0	0	0	0	0	
	
0	0	0	0	0	0	0	
	0	0	0	0	0	0	0	
	0	0	0	0	0	0	0	
	0	0	0	0	0	0	0	
	0	0	0	0	0	0	0	
	0	0	0	0	0	0	0	
	0	0	0	0	0	0	0	
	
0	0	0	0	0	0	0	
	0	0	0	0	0	0	0	
	0	0	0	0	0	0	0	
	0	0	0	0	0	0	0	
	0	0	0	0	0	0	0	
	0	0	0	0	0	0	0	
	0	0	0	0	0	0	0	
	
0	0	0	0	0	0	0	
	0	0	0	0	0	0	0	
	0	0	0	0	0	0	0	
	0	0	0	0	0	0	0	
	0	0	0	0	0	0	0	
	0	0	0	0	0	0	0	
	0	0	0	0	0	0	0	
	
0	0	0	0	0	0	0	
	0	0	0	0	0	0	0	
	0	0	0	0	0	0	0	
	0	0	0	0	0	0	0	
	0	0	0	0	0	0	0	
	0	0	0	0	0	0	0	
	0	0	0	0	0	0	0	
	
0	0	0	0	0	0	0	
	0	0	0	0	0	0	0	
	0	0	0	0	0	0	0	
	0	0	0	0	0	0	0	
	0	0	0	0	0	0	0	
	0	0	0	0	0	0	0	
	0	0	0	0	0	0	0	
	
0	0	0	0	0	0	0	
	0	0	0	0	0	0	0	
	0	0	0	0	0	0	0	
	0	0	0	0	0	0	0	
	0	0	0	0	0	0	0	
	0	0	0	0	0	0	0	
	0	0	0	0	0	0	0	
	
0	0	0	0	0	0	0	
	0	0	0	0	0	0	0	
	0	0	0	0	0	0	0	
	0	0	0	0	0	0	0	
	0	0	0	0	0	0	0	
	0	0	0	0	0	0	0	
	0	0	0	0	0	0	0	
	
0	0	0	0	0	0	0	
	0	0	0	0	0	0	0	
	0	0	0	0	0	0	0	
	0	0	0	0	0	0	0	
	0	0	0	0	0	0	0	
	0	0	0	0	0	0	0	
	0	0	0	0	0	0	0	
	
0	0	0	0	0	0	0	
	0	0	0	0	0	0	0	
	0	0	0	0	0	0	0	
	0	0	0	0	0	0	0	
	0	0	0	0	0	0	0	
	0	0	0	0	0	0	0	
	0	0	0	0	0	0	0	
	
0	0	0	0	0	0	0	
	0	0	0	0	0	0	0	
	0	0	0	0	0	0	0	
	0	0	0	0	0	0	0	
	0	0	0	0	0	0	0	
	0	0	0	0	0	0	0	
	0	0	0	0	0	0	0	
	
0	0	0	0	0	0	0	
	0	0	0	0	0	0	0	
	0	0	0	0	0	0	0	
	0	0	0	0	0	0	0	
	0	0	0	0	0	0	0	
	0	0	0	0	0	0	0	
	0	0	0	0	0	0	0	
	
0	0	0	0	0	0	0	
	0	0	0	0	0	0	0	
	0	0	0	0	0	0	0	
	0	0	0	0	0	0	0	
	0	0	0	0	0	0	0	
	0	0	0	0	0	0	0	
	0	0	0	0	0	0	0	
	
0	0	0	0	0	0	0	
	0	0	0	0	0	0	0	
	0	0	0	0	0	0	0	
	0	0	0	0	0	0	0	
	0	0	0	0	0	0	0	
	0	0	0	0	0	0	0	
	0	0	0	0	0	0	0	
	
0	0	0	0	0	0	0	
	0	0	0	0	0	0	0	
	0	0	0	0	0	0	0	
	0	0	0	0	0	0	0	
	0	0	0	0	0	0	0	
	0	0	0	0	0	0	0	
	0	0	0	0	0	0	0	
	

	CortexMeasure	DATOS_3dpl_resultados
dia	3
tissue_width	0.0001
inj_width	1136.76
inj_length	4259.51
minimal_tissue_distance	0
minimal_vaso_distance	0
x_pos
0	250	500	1000	1500	2000	2500	3000	3500	4000	4500	5000	5500	6000	6500	7000	
area_covered_by_Astrocytes
1.21158e+06	1.43056e+06	2.71883e+06	2.29207e+06	2.40681e+06	2.19083e+06	1.47004e+06	1.11734e+06	384820	10158	0	0	0	0	0	
total_number_of_Astrocytes
472	858	1722	1582	1538	1254	481	286	49	0	0	0	0	0	0	
number_of_Astrocytes_of_each_type
0	0	23.1	147.9	0	0	0	
0	0	69	243	0	0	0	
20.4	6	236.2	363.4	0	0	0	
99.7	82	269	111.3	0	0	0	
135.4	179	215.2	57.4	0	0	0	
142.4	183	144.4	16.2	0	0	0	
80.4	145	54.2	1.4	0	0	0	
52.9	116	10.1	0	0	0	0	
6	26	0	0	0	0	0	
0	0	0	0	0	0	0	
0	0	0	0	0	0	0	
0	0	0	0	0	0	0	
0	0	0	0	0	0	0	
0	0	0	0	0	0	0	
0	0	0	0	0	0	0	

density_of_Astrocytes_of_each_type
0.000389574	0.000599767	0.000633362	0.000690206	0.00063902	0.000572385	0.000327203	0.000255965	0.000127332	0	-nan	-nan	-nan	-nan	-nan	
covariance_of_number_of_Astrocytes_of_each_type
0	0	0	0	0	0	0	
	0	0	0	0	0	0	0	
	0	0	10.17	-10.17	0	0	0	
	0	0	-10.17	10.17	0	0	0	
	0	0	0	0	0	0	0	
	0	0	0	0	0	0	0	
	0	0	0	0	0	0	0	
	
0	0	0	0	0	0	0	
	0	0	0	0	0	0	0	
	0	0	21.42	-21.42	0	0	0	
	0	0	-21.42	21.42	0	0	0	
	0	0	0	0	0	0	0	
	0	0	0	0	0	0	0	
	0	0	0	0	0	0	0	
	
9.74	0	-9.74	0	0	0	0	
	0	0	0	0	0	0	0	
	-9.74	0	58.34	-48.6	0	0	0	
	0	0	-48.6	48.6	0	0	0	
	0	0	0	0	0	0	0	
	0	0	0	0	0	0	0	
	0	0	0	0	0	0	0	
	
27.37	0	-27.37	0	0	0	0	
	0	0	0	0	0	0	0	
	-27.37	0	46.86	-19.49	0	0	0	
	0	0	-19.49	19.49	0	0	0	
	0	0	0	0	0	0	0	
	0	0	0	0	0	0	0	
	0	0	0	0	0	0	0	
	
29.02	0	-29.02	0	0	0	0	
	0	0	0	0	0	0	0	
	-29.02	0	41.36	-12.34	0	0	0	
	0	0	-12.34	12.34	0	0	0	
	0	0	0	0	0	0	0	
	0	0	0	0	0	0	0	
	0	0	0	0	0	0	0	
	
28.18	0	-28.18	0	0	0	0	
	0	0	0	0	0	0	0	
	-28.18	0	30.94	-2.76	0	0	0	
	0	0	-2.76	2.76	0	0	0	
	0	0	0	0	0	0	0	
	0	0	0	0	0	0	0	
	0	0	0	0	0	0	0	
	
11.42	0	-11.42	0	0	0	0	
	0	0	0	0	0	0	0	
	-11.42	0	12.3	-0.88	0	0	0	
	0	0	-0.88	0.88	0	0	0	
	0	0	0	0	0	0	0	
	0	0	0	0	0	0	0	
	0	0	0	0	0	0	0	
	
1.59	0	-1.59	0	0	0	0	
	0	0	0	0	0	0	0	
	-1.59	0	1.59	0	0	0	0	
	0	0	0	0	0	0	0	
	0	0	0	0	0	0	0	
	0	0	0	0	0	0	0	
	0	0	0	0	0	0	0	
	
0	0	0	0	0	0	0	
	0	0	0	0	0	0	0	
	0	0	0	0	0	0	0	
	0	0	0	0	0	0	0	
	0	0	0	0	0	0	0	
	0	0	0	0	0	0	0	
	0	0	0	0	0	0	0	
	
0	0	0	0	0	0	0	
	0	0	0	0	0	0	0	
	0	0	0	0	0	0	0	
	0	0	0	0	0	0	0	
	0	0	0	0	0	0	0	
	0	0	0	0	0	0	0	
	0	0	0	0	0	0	0	
	
0	0	0	0	0	0	0	
	0	0	0	0	0	0	0	
	0	0	0	0	0	0	0	
	0	0	0	0	0	0	0	
	0	0	0	0	0	0	0	
	0	0	0	0	0	0	0	
	0	0	0	0	0	0	0	
	
0	0	0	0	0	0	0	
	0	0	0	0	0	0	0	
	0	0	0	0	0	0	0	
	0	0	0	0	0	0	0	
	0	0	0	0	0	0	0	
	0	0	0	0	0	0	0	
	0	0	0	0	0	0	0	
	
0	0	0	0	0	0	0	
	0	0	0	0	0	0	0	
	0	0	0	0	0	0	0	
	0	0	0	0	0	0	0	
	0	0	0	0	0	0	0	
	0	0	0	0	0	0	0	
	0	0	0	0	0	0	0	
	
0	0	0	0	0	0	0	
	0	0	0	0	0	0	0	
	0	0	0	0	0	0	0	
	0	0	0	0	0	0	0	
	0	0	0	0	0	0	0	
	0	0	0	0	0	0	0	
	0	0	0	0	0	0	0	
	
0	0	0	0	0	0	0	
	0	0	0	0	0	0	0	
	0	0	0	0	0	0	0	
	0	0	0	0	0	0	0	
	0	0	0	0	0	0	0	
	0	0	0	0	0	0	0	
	0	0	0	0	0	0	0	
	

	CortexMeasure	DATOS_7dpl_resultados
dia	7
tissue_width	0.0001
inj_width	609.843
inj_length	11396.3
minimal_tissue_distance	0
minimal_vaso_distance	0
x_pos
0	250	500	1000	1500	2000	2500	3000	3500	4000	4500	5000	5500	6000	6500	7000	
area_covered_by_Astrocytes
2.75321e+06	2.4115e+06	4.29292e+06	4.27991e+06	4.0034e+06	4.01475e+06	4.29046e+06	3.7773e+06	3.0089e+06	2.13159e+06	872845	302185	0	0	0	
total_number_of_Astrocytes
853	1278	2490	2466	2032	1812	1806	1241	904	525	164	30	0	0	0	
number_of_Astrocytes_of_each_type
0.7	0	7.4	45.9	212	0	0	
2.3	0	33.4	150.2	223.1	0	0	
11.8	27	183.5	395.9	160.8	0	0	
32.6	129	281.5	305.9	16	0	0	
39.8	152	328.7	162	1.5	0	0	
42.3	185	264.6	133.1	0	0	0	
42.3	228	280.3	93.4	0	0	0	
67.2	187	239.5	24.3	0	0	0	
68.9	146	233.6	7.5	0	0	0	
61.6	93	138.1	0.3	0	0	0	
22.6	31	31.4	0	0	0	0	
1.7	12	1.3	0	0	0	0	
0	0	0	0	0	0	0	
0	0	0	0	0	0	0	
0	0	0	0	0	0	0	

density_of_Astrocytes_of_each_type
0.00030982	0.00052996	0.000580025	0.000576181	0.000507569	0.000451336	0.000420934	0.000328542	0.000300442	0.000246295	0.000187891	9.92768e-05	-nan	-nan	-nan	
covariance_of_number_of_Astrocytes_of_each_type
0.21	0	-0.21	0	0	0	0	
	0	0	0	0	0	0	0	
	-0.21	0	2.8	-2.59	0	0	0	
	0	0	-2.59	14.17	-11.58	0	0	
	0	0	0	-11.58	11.58	0	0	
	0	0	0	0	0	0	0	
	0	0	0	0	0	0	0	
	
1.21	0	-1.21	0	0	0	0	
	0	0	0	0	0	0	0	
	-1.21	0	5.94	-4.73	0	0	0	
	0	0	-4.73	31.72	-26.99	0	0	
	0	0	0	-26.99	26.99	0	0	
	0	0	0	0	0	0	0	
	0	0	0	0	0	0	0	
	
5.72	0	-5.72	0	0	0	0	
	0	0	0	0	0	0	0	
	-5.72	0	34.99	-29.27	0	0	0	
	0	0	-29.27	70.71	-41.44	0	0	
	0	0	0	-41.44	41.44	0	0	
	0	0	0	0	0	0	0	
	0	0	0	0	0	0	0	
	
15.14	0	-15.14	0	0	0	0	
	0	0	0	0	0	0	0	
	-15.14	0	43.59	-28.45	0	0	0	
	0	0	-28.45	34.77	-6.32	0	0	
	0	0	0	-6.32	6.32	0	0	
	0	0	0	0	0	0	0	
	0	0	0	0	0	0	0	
	
19.06	0	-19.06	0	0	0	0	
	0	0	0	0	0	0	0	
	-19.06	0	30.57	-11.51	0	0	0	
	0	0	-11.51	12.26	-0.75	0	0	
	0	0	0	-0.75	0.75	0	0	
	0	0	0	0	0	0	0	
	0	0	0	0	0	0	0	
	
17.91	0	-17.91	0	0	0	0	
	0	0	0	0	0	0	0	
	-17.91	0	51.04	-33.13	0	0	0	
	0	0	-33.13	33.13	0	0	0	
	0	0	0	0	0	0	0	
	0	0	0	0	0	0	0	
	0	0	0	0	0	0	0	
	
20.31	0	-20.31	0	0	0	0	
	0	0	0	0	0	0	0	
	-20.31	0	45.51	-25.2	0	0	0	
	0	0	-25.2	25.2	0	0	0	
	0	0	0	0	0	0	0	
	0	0	0	0	0	0	0	
	0	0	0	0	0	0	0	
	
28.9	0	-28.9	0	0	0	0	
	0	0	0	0	0	0	0	
	-28.9	0	34.79	-5.89	0	0	0	
	0	0	-5.89	5.89	0	0	0	
	0	0	0	0	0	0	0	
	0	0	0	0	0	0	0	
	0	0	0	0	0	0	0	
	
31.69	0	-31.69	0	0	0	0	
	0	0	0	0	0	0	0	
	-31.69	0	32.78	-1.09	0	0	0	
	0	0	-1.09	1.09	0	0	0	
	0	0	0	0	0	0	0	
	0	0	0	0	0	0	0	
	0	0	0	0	0	0	0	
	
27.04	0	-27.04	0	0	0	0	
	0	0	0	0	0	0	0	
	-27.04	0	27.25	-0.21	0	0	0	
	0	0	-0.21	0.21	0	0	0	
	0	0	0	0	0	0	0	
	0	0	0	0	0	0	0	
	0	0	0	0	0	0	0	
	
9.54	0	-9.54	0	0	0	0	
	0	0	0	0	0	0	0	
	-9.54	0	9.54	0	0	0	0	
	0	0	0	0	0	0	0	
	0	0	0	0	0	0	0	
	0	0	0	0	0	0	0	
	0	0	0	0	0	0	0	
	
0.71	0	-0.71	0	0	0	0	
	0	0	0	0	0	0	0	
	-0.71	0	0.71	0	0	0	0	
	0	0	0	0	0	0	0	
	0	0	0	0	0	0	0	
	0	0	0	0	0	0	0	
	0	0	0	0	0	0	0	
	
0	0	0	0	0	0	0	
	0	0	0	0	0	0	0	
	0	0	0	0	0	0	0	
	0	0	0	0	0	0	0	
	0	0	0	0	0	0	0	
	0	0	0	0	0	0	0	
	0	0	0	0	0	0	0	
	
0	0	0	0	0	0	0	
	0	0	0	0	0	0	0	
	0	0	0	0	0	0	0	
	0	0	0	0	0	0	0	
	0	0	0	0	0	0	0	
	0	0	0	0	0	0	0	
	0	0	0	0	0	0	0	
	
0	0	0	0	0	0	0	
	0	0	0	0	0	0	0	
	0	0	0	0	0	0	0	
	0	0	0	0	0	0	0	
	0	0	0	0	0	0	0	
	0	0	0	0	0	0	0	
	0	0	0	0	0	0	0	
	

	
