Experiment	EN_250_50
measure_time	604800
simulation_time	604800
time_of_Measures
0	259200	604800
time_of_Simulated_Points
0	5400	10800	21600	43200	86400	172800	259200	432000	604800

Measures
CortexMeasure	DATOS_3dpl_CONTROL_resultados
dia	0
tissue_width	0.0001
inj_width	0
inj_length	5327.37
minimal_tissue_distance	100
minimal_vaso_distance	50
x_pos
0	250	500	1000	1500	2000	2500	3000	3500	4000	4500	5000	5500	6000	6500	7000	
area_covered_by_Astrocytes
782254	849013	927894	635078	645558	370006	190198	94794.4	0	0	0	0	0	0	0	
sqr_area_covered_by_Astrocytes
2.18099e+11	2.68393e+11	3.14265e+11	1.38835e+11	1.42148e+11	6.98035e+10	3.33787e+10	8.98598e+09	0	0	0	0	0	0	0	
corrected_number_of_samples
2.8057	2.68569	2.73968	2.90506	2.93177	1.96128	1.08379	1	-nan	-nan	-nan	-nan	-nan	-nan	-nan	
total_number_of_Astrocytes
224	127	270	163	134	117	17	4	0	0	0	0	0	0	0	
number_of_Astrocytes_of_each_type
33	75	0	0	0	0	0	
29	31	0	0	0	0	0	
62	64	0	0	0	0	0	
26	50	0	0	0	0	0	
18	40	0	0	0	0	0	
29	26	0	0	0	0	0	
6	7	0	0	0	0	0	
3	1	0	0	0	0	0	
0	0	0	0	0	0	0	
0	0	0	0	0	0	0	
0	0	0	0	0	0	0	
0	0	0	0	0	0	0	
0	0	0	0	0	0	0	
0	0	0	0	0	0	0	
0	0	0	0	0	0	0	

stddev_of_number_of_Astrocytes_of_each_type
94.264	50.7576	0	0	0	0	0	
106.569	2.47835	0	0	0	0	0	
122.136	143.133	0	0	0	0	0	
1.35548	83.7011	0	0	0	0	0	
25.2943	73.1849	0	0	0	0	0	
4.59062	8.1611	0	0	0	0	0	
51.739	80.8422	0	0	0	0	0	
-nan	-nan	-nan	-nan	-nan	-nan	-nan	
-nan	-nan	-nan	-nan	-nan	-nan	-nan	
-nan	-nan	-nan	-nan	-nan	-nan	-nan	
-nan	-nan	-nan	-nan	-nan	-nan	-nan	
-nan	-nan	-nan	-nan	-nan	-nan	-nan	
-nan	-nan	-nan	-nan	-nan	-nan	-nan	
-nan	-nan	-nan	-nan	-nan	-nan	-nan	
-nan	-nan	-nan	-nan	-nan	-nan	-nan	

number_sqr_of_Astrocytes_of_each_type
545	1973	0	0	0	0	0	
481	325	0	0	0	0	0	
1514	1638	0	0	0	0	0	
228	998	0	0	0	0	0	
158	678	0	0	0	0	0	
425	346	0	0	0	0	0	
26	37	0	0	0	0	0	
9	1	0	0	0	0	0	
0	0	0	0	0	0	0	
0	0	0	0	0	0	0	
0	0	0	0	0	0	0	
0	0	0	0	0	0	0	
0	0	0	0	0	0	0	
0	0	0	0	0	0	0	
0	0	0	0	0	0	0	

number_of_samples_of_Astrocytes_of_each_type
3	3	3	3	3	2	2	1	0	0	0	0	0	0	0	
density_of_Astrocytes_of_each_type
0.000286352	0.000149586	0.000290982	0.000256661	0.000207573	0.000316211	8.93803e-05	4.21966e-05	-nan	-nan	-nan	-nan	-nan	-nan	-nan	
covariance_of_number_of_Astrocytes_of_each_type
0	0	0	0	0	0	0
	0	0	0	0	0	0	0
	0	0	0	0	0	0	0
	0	0	0	0	0	0	0
	0	0	0	0	0	0	0
	0	0	0	0	0	0	0
	0	0	0	0	0	0	0

0	0	0	0	0	0	0
	0	0	0	0	0	0	0
	0	0	0	0	0	0	0
	0	0	0	0	0	0	0
	0	0	0	0	0	0	0
	0	0	0	0	0	0	0
	0	0	0	0	0	0	0

0	0	0	0	0	0	0
	0	0	0	0	0	0	0
	0	0	0	0	0	0	0
	0	0	0	0	0	0	0
	0	0	0	0	0	0	0
	0	0	0	0	0	0	0
	0	0	0	0	0	0	0

0	0	0	0	0	0	0
	0	0	0	0	0	0	0
	0	0	0	0	0	0	0
	0	0	0	0	0	0	0
	0	0	0	0	0	0	0
	0	0	0	0	0	0	0
	0	0	0	0	0	0	0

0	0	0	0	0	0	0
	0	0	0	0	0	0	0
	0	0	0	0	0	0	0
	0	0	0	0	0	0	0
	0	0	0	0	0	0	0
	0	0	0	0	0	0	0
	0	0	0	0	0	0	0

0	0	0	0	0	0	0
	0	0	0	0	0	0	0
	0	0	0	0	0	0	0
	0	0	0	0	0	0	0
	0	0	0	0	0	0	0
	0	0	0	0	0	0	0
	0	0	0	0	0	0	0

0	0	0	0	0	0	0
	0	0	0	0	0	0	0
	0	0	0	0	0	0	0
	0	0	0	0	0	0	0
	0	0	0	0	0	0	0
	0	0	0	0	0	0	0
	0	0	0	0	0	0	0

0	0	0	0	0	0	0
	0	0	0	0	0	0	0
	0	0	0	0	0	0	0
	0	0	0	0	0	0	0
	0	0	0	0	0	0	0
	0	0	0	0	0	0	0
	0	0	0	0	0	0	0

0	0	0	0	0	0	0
	0	0	0	0	0	0	0
	0	0	0	0	0	0	0
	0	0	0	0	0	0	0
	0	0	0	0	0	0	0
	0	0	0	0	0	0	0
	0	0	0	0	0	0	0

0	0	0	0	0	0	0
	0	0	0	0	0	0	0
	0	0	0	0	0	0	0
	0	0	0	0	0	0	0
	0	0	0	0	0	0	0
	0	0	0	0	0	0	0
	0	0	0	0	0	0	0

0	0	0	0	0	0	0
	0	0	0	0	0	0	0
	0	0	0	0	0	0	0
	0	0	0	0	0	0	0
	0	0	0	0	0	0	0
	0	0	0	0	0	0	0
	0	0	0	0	0	0	0

0	0	0	0	0	0	0
	0	0	0	0	0	0	0
	0	0	0	0	0	0	0
	0	0	0	0	0	0	0
	0	0	0	0	0	0	0
	0	0	0	0	0	0	0
	0	0	0	0	0	0	0

0	0	0	0	0	0	0
	0	0	0	0	0	0	0
	0	0	0	0	0	0	0
	0	0	0	0	0	0	0
	0	0	0	0	0	0	0
	0	0	0	0	0	0	0
	0	0	0	0	0	0	0

0	0	0	0	0	0	0
	0	0	0	0	0	0	0
	0	0	0	0	0	0	0
	0	0	0	0	0	0	0
	0	0	0	0	0	0	0
	0	0	0	0	0	0	0
	0	0	0	0	0	0	0

0	0	0	0	0	0	0
	0	0	0	0	0	0	0
	0	0	0	0	0	0	0
	0	0	0	0	0	0	0
	0	0	0	0	0	0	0
	0	0	0	0	0	0	0
	0	0	0	0	0	0	0

	CortexMeasure	DATOS_3dpl_resultados
dia	3
tissue_width	0.0001
inj_width	1136.76
inj_length	4259.51
minimal_tissue_distance	100
minimal_vaso_distance	50
x_pos
0	250	500	1000	1500	2000	2500	3000	3500	4000	4500	5000	5500	6000	6500	7000	
area_covered_by_Astrocytes
798015	834576	1.51097e+06	1.71122e+06	1.60914e+06	1.53024e+06	1.17856e+06	795859	193305	0	0	0	0	0	0	
sqr_area_covered_by_Astrocytes
1.90252e+11	2.10016e+11	6.47126e+11	7.6975e+11	6.71307e+11	7.38252e+11	6.95152e+11	3.42173e+11	2.89993e+10	0	0	0	0	0	0	
corrected_number_of_samples
3.34729	3.3165	3.52794	3.80419	3.85717	3.17184	1.99812	1.85109	1.28854	-nan	-nan	-nan	-nan	-nan	-nan	
total_number_of_Astrocytes
319	502	1155	1468	1338	1087	445	242	49	0	0	0	0	0	0	
number_of_Astrocytes_of_each_type
0	0	17.1	102.9	0	0	0	
0	0	44.2	151.8	0	0	0	
14.8	3	162.1	265.1	0	0	0	
91.4	74	250.7	106.9	0	0	0	
115.8	153	177.4	49.8	0	0	0	
127.4	157	130.1	14.5	0	0	0	
74.4	134	53.2	1.4	0	0	0	
47.4	101	8.6	0	0	0	0	
6	26	0	0	0	0	0	
0	0	0	0	0	0	0	
0	0	0	0	0	0	0	
0	0	0	0	0	0	0	
0	0	0	0	0	0	0	
0	0	0	0	0	0	0	
0	0	0	0	0	0	0	

stddev_of_number_of_Astrocytes_of_each_type
0	0	8.23083	141.635	0	0	0	
0	0	77.1571	39.0743	0	0	0	
20.3685	0.959461	808.546	119.646	0	0	0	
507.029	317.786	1606.57	262.364	0	0	0	
210.043	713.726	766.241	317.421	0	0	0	
266.285	934.224	745.024	41.2455	0	0	0	
995.518	552.521	124.938	0.980924	0	0	0	
128.954	4.89368	0.195747	0	0	0	0	
17.8631	40.192	0	0	0	0	0	
-nan	-nan	-nan	-nan	-nan	-nan	-nan	
-nan	-nan	-nan	-nan	-nan	-nan	-nan	
-nan	-nan	-nan	-nan	-nan	-nan	-nan	
-nan	-nan	-nan	-nan	-nan	-nan	-nan	
-nan	-nan	-nan	-nan	-nan	-nan	-nan	
-nan	-nan	-nan	-nan	-nan	-nan	-nan	

number_sqr_of_Astrocytes_of_each_type
0	0	96.19	3044.39	0	0	0	
0	0	703.98	5869.98	0	0	0	
113.14	5	8886.55	17912.4	0	0	0	
3583.48	2306	20449.6	3630.49	0	0	0	
3974.76	7967	10138	1560.52	0	0	0	
4787.02	8721	6272.05	165.53	0	0	0	
3762.26	9530	1539.94	1.96	0	0	0	
1241.96	5105	37.16	0	0	0	0	
26	356	0	0	0	0	0	
0	0	0	0	0	0	0	
0	0	0	0	0	0	0	
0	0	0	0	0	0	0	
0	0	0	0	0	0	0	
0	0	0	0	0	0	0	
0	0	0	0	0	0	0	

number_of_samples_of_Astrocytes_of_each_type
4	4	4	4	4	4	2	2	2	0	0	0	0	0	0	
density_of_Astrocytes_of_each_type
0.000399742	0.000601503	0.000764411	0.000857867	0.000831498	0.000710348	0.00037758	0.000304074	0.000253486	-nan	-nan	-nan	-nan	-nan	-nan	
covariance_of_number_of_Astrocytes_of_each_type
0	0	0	0	0	0	0
	0	0	0	0	0	0	0
	0	0	7.49	-7.49	0	0	0
	0	0	-7.49	7.49	0	0	0
	0	0	0	0	0	0	0
	0	0	0	0	0	0	0
	0	0	0	0	0	0	0

0	0	0	0	0	0	0
	0	0	0	0	0	0	0
	0	0	10.84	-10.84	0	0	0
	0	0	-10.84	10.84	0	0	0
	0	0	0	0	0	0	0
	0	0	0	0	0	0	0
	0	0	0	0	0	0	0

7.44	0	-7.44	0	0	0	0
	0	0	0	0	0	0	0
	-7.44	0	34.51	-27.07	0	0	0
	0	0	-27.07	27.07	0	0	0
	0	0	0	0	0	0	0
	0	0	0	0	0	0	0
	0	0	0	0	0	0	0

24.4	0	-24.4	0	0	0	0
	0	0	0	0	0	0	0
	-24.4	0	43.47	-19.07	0	0	0
	0	0	-19.07	19.07	0	0	0
	0	0	0	0	0	0	0
	0	0	0	0	0	0	0
	0	0	0	0	0	0	0

23.42	0	-23.42	0	0	0	0
	0	0	0	0	0	0	0
	-23.42	0	33	-9.58	0	0	0
	0	0	-9.58	9.58	0	0	0
	0	0	0	0	0	0	0
	0	0	0	0	0	0	0
	0	0	0	0	0	0	0

24.84	0	-24.84	0	0	0	0
	0	0	0	0	0	0	0
	-24.84	0	26.89	-2.05	0	0	0
	0	0	-2.05	2.05	0	0	0
	0	0	0	0	0	0	0
	0	0	0	0	0	0	0
	0	0	0	0	0	0	0

11.42	0	-11.42	0	0	0	0
	0	0	0	0	0	0	0
	-11.42	0	12.3	-0.88	0	0	0
	0	0	-0.88	0.88	0	0	0
	0	0	0	0	0	0	0
	0	0	0	0	0	0	0
	0	0	0	0	0	0	0

1.34	0	-1.34	0	0	0	0
	0	0	0	0	0	0	0
	-1.34	0	1.34	0	0	0	0
	0	0	0	0	0	0	0
	0	0	0	0	0	0	0
	0	0	0	0	0	0	0
	0	0	0	0	0	0	0

0	0	0	0	0	0	0
	0	0	0	0	0	0	0
	0	0	0	0	0	0	0
	0	0	0	0	0	0	0
	0	0	0	0	0	0	0
	0	0	0	0	0	0	0
	0	0	0	0	0	0	0

0	0	0	0	0	0	0
	0	0	0	0	0	0	0
	0	0	0	0	0	0	0
	0	0	0	0	0	0	0
	0	0	0	0	0	0	0
	0	0	0	0	0	0	0
	0	0	0	0	0	0	0

0	0	0	0	0	0	0
	0	0	0	0	0	0	0
	0	0	0	0	0	0	0
	0	0	0	0	0	0	0
	0	0	0	0	0	0	0
	0	0	0	0	0	0	0
	0	0	0	0	0	0	0

0	0	0	0	0	0	0
	0	0	0	0	0	0	0
	0	0	0	0	0	0	0
	0	0	0	0	0	0	0
	0	0	0	0	0	0	0
	0	0	0	0	0	0	0
	0	0	0	0	0	0	0

0	0	0	0	0	0	0
	0	0	0	0	0	0	0
	0	0	0	0	0	0	0
	0	0	0	0	0	0	0
	0	0	0	0	0	0	0
	0	0	0	0	0	0	0
	0	0	0	0	0	0	0

0	0	0	0	0	0	0
	0	0	0	0	0	0	0
	0	0	0	0	0	0	0
	0	0	0	0	0	0	0
	0	0	0	0	0	0	0
	0	0	0	0	0	0	0
	0	0	0	0	0	0	0

0	0	0	0	0	0	0
	0	0	0	0	0	0	0
	0	0	0	0	0	0	0
	0	0	0	0	0	0	0
	0	0	0	0	0	0	0
	0	0	0	0	0	0	0
	0	0	0	0	0	0	0


	CortexMeasure	DATOS_7dpl_resultados
dia	7
tissue_width	0.0001
inj_width	609.843
inj_length	11396.3
minimal_tissue_distance	100
minimal_vaso_distance	50
x_pos
0	250	500	1000	1500	2000	2500	3000	3500	4000	4500	5000	5500	6000	6500	7000	
area_covered_by_Astrocytes
2.12247e+06	1.84458e+06	3.12622e+06	3.25943e+06	3.02675e+06	3.0662e+06	3.14684e+06	2.69801e+06	2.20656e+06	1.60022e+06	666313	193667	0	0	0	
sqr_area_covered_by_Astrocytes
9.11962e+11	6.93103e+11	2.01449e+12	2.21465e+12	1.90314e+12	1.89689e+12	2.00538e+12	1.8472e+12	1.67048e+12	1.18616e+12	4.09597e+11	3.75069e+10	0	0	0	
corrected_number_of_samples
4.93976	4.90904	4.85148	4.79709	4.81373	4.9563	4.93803	3.94071	2.91466	2.15881	1.08393	1	-nan	-nan	-nan	
total_number_of_Astrocytes
756	1091	2143	2273	1826	1597	1578	1002	795	457	153	30	0	0	0	
number_of_Astrocytes_of_each_type
0.7	0	5.9	41.2	190.2	0	0	
2.3	0	31.9	128.6	193.2	0	0	
11.3	27	154.6	346.1	138	0	0	
27.9	125	255.4	272.7	14	0	0	
30.9	143	275.5	145.1	1.5	0	0	
36.5	162	235.2	119.3	0	0	0	
37.5	199	249.6	79.9	0	0	0	
56.5	143	216.2	23.3	0	0	0	
64	123	220.5	7.5	0	0	0	
56.5	78	126.5	0	0	0	0	
21.4	30	28.6	0	0	0	0	
1.7	12	1.3	0	0	0	0	
0	0	0	0	0	0	0	
0	0	0	0	0	0	0	
0	0	0	0	0	0	0	

stddev_of_number_of_Astrocytes_of_each_type
0.0982997	0	6.98329	42.8386	198.944	0	0	
1.06292	0	135.098	102.13	170.473	0	0	
20.5452	100.57	907.271	507.703	395.154	0	0	
37.8826	1440.23	620.711	404.945	11.3197	0	0	
34.425	1360.97	345.81	732.912	0.454396	0	0	
80.5325	1596.82	272.373	697.165	0	0	0	
48.0207	1347.93	1054.65	361.882	0	0	0	
181.057	961.408	1953.28	54.7471	0	0	0	
318.972	431.854	3924.94	12.4323	0	0	0	
348.799	243.426	2214.49	0	0	0	0	
879.63	2333.32	1628.7	0	0	0	0	
-nan	-nan	-nan	-nan	-nan	-nan	-nan	
-nan	-nan	-nan	-nan	-nan	-nan	-nan	
-nan	-nan	-nan	-nan	-nan	-nan	-nan	
-nan	-nan	-nan	-nan	-nan	-nan	-nan	

number_sqr_of_Astrocytes_of_each_type
0.49	0	34.81	510.32	8028.56	0	0	
5.29	0	741.41	3714.22	8143.98	0	0	
107.09	545	8381.54	25972.3	5377.32	0	0	
305.61	8825	15502.4	16475.7	84	0	0	
327.33	9481	16549.9	7114.09	2.25	0	0	
587.87	11622	12150.9	5629.01	0	0	0	
472.73	13295	16665.4	2719.79	0	0	0	
1314.01	7677	16636.5	312.85	0	0	0	
1862.14	4917	22468.3	46.73	0	0	0	
1625.77	2420	8900.17	0	0	0	0	
356.98	842	650.98	0	0	0	0	
2.89	144	1.69	0	0	0	0	
0	0	0	0	0	0	0	
0	0	0	0	0	0	0	
0	0	0	0	0	0	0	

number_of_samples_of_Astrocytes_of_each_type
5	5	5	5	5	5	5	5	4	3	3	1	0	0	0	
density_of_Astrocytes_of_each_type
0.000356189	0.000591463	0.000685493	0.000697361	0.000603288	0.00052084	0.000501455	0.000371385	0.00036029	0.000285586	0.000229622	0.000154905	-nan	-nan	-nan	
covariance_of_number_of_Astrocytes_of_each_type
0.21	0	-0.21	0	0	0	0
	0	0	0	0	0	0	0
	-0.21	0	2.55	-2.34	0	0	0
	0	0	-2.34	12.62	-10.28	0	0
	0	0	0	-10.28	10.28	0	0
	0	0	0	0	0	0	0
	0	0	0	0	0	0	0

1.21	0	-1.21	0	0	0	0
	0	0	0	0	0	0	0
	-1.21	0	5.69	-4.48	0	0	0
	0	0	-4.48	29.34	-24.86	0	0
	0	0	0	-24.86	24.86	0	0
	0	0	0	0	0	0	0
	0	0	0	0	0	0	0

5.47	0	-5.47	0	0	0	0
	0	0	0	0	0	0	0
	-5.47	0	31.14	-25.67	0	0	0
	0	0	-25.67	63.47	-37.8	0	0
	0	0	0	-37.8	37.8	0	0
	0	0	0	0	0	0	0
	0	0	0	0	0	0	0

13.09	0	-13.09	0	0	0	0
	0	0	0	0	0	0	0
	-13.09	0	39.74	-26.65	0	0	0
	0	0	-26.65	32.13	-5.48	0	0
	0	0	0	-5.48	5.48	0	0
	0	0	0	0	0	0	0
	0	0	0	0	0	0	0

14.75	0	-14.75	0	0	0	0
	0	0	0	0	0	0	0
	-14.75	0	22.29	-7.54	0	0	0
	0	0	-7.54	8.29	-0.75	0	0
	0	0	0	-0.75	0.75	0	0
	0	0	0	0	0	0	0
	0	0	0	0	0	0	0

15.19	0	-15.19	0	0	0	0
	0	0	0	0	0	0	0
	-15.19	0	44.84	-29.65	0	0	0
	0	0	-29.65	29.65	0	0	0
	0	0	0	0	0	0	0
	0	0	0	0	0	0	0
	0	0	0	0	0	0	0

17.93	0	-17.93	0	0	0	0
	0	0	0	0	0	0	0
	-17.93	0	40.2	-22.27	0	0	0
	0	0	-22.27	22.27	0	0	0
	0	0	0	0	0	0	0
	0	0	0	0	0	0	0
	0	0	0	0	0	0	0

24.55	0	-24.55	0	0	0	0
	0	0	0	0	0	0	0
	-24.55	0	30.44	-5.89	0	0	0
	0	0	-5.89	5.89	0	0	0
	0	0	0	0	0	0	0
	0	0	0	0	0	0	0
	0	0	0	0	0	0	0

29.06	0	-29.06	0	0	0	0
	0	0	0	0	0	0	0
	-29.06	0	30.15	-1.09	0	0	0
	0	0	-1.09	1.09	0	0	0
	0	0	0	0	0	0	0
	0	0	0	0	0	0	0
	0	0	0	0	0	0	0

24.61	0	-24.61	0	0	0	0
	0	0	0	0	0	0	0
	-24.61	0	24.61	0	0	0	0
	0	0	0	0	0	0	0
	0	0	0	0	0	0	0
	0	0	0	0	0	0	0
	0	0	0	0	0	0	0

9.08	0	-9.08	0	0	0	0
	0	0	0	0	0	0	0
	-9.08	0	9.08	0	0	0	0
	0	0	0	0	0	0	0
	0	0	0	0	0	0	0
	0	0	0	0	0	0	0
	0	0	0	0	0	0	0

0.71	0	-0.71	0	0	0	0
	0	0	0	0	0	0	0
	-0.71	0	0.71	0	0	0	0
	0	0	0	0	0	0	0
	0	0	0	0	0	0	0
	0	0	0	0	0	0	0
	0	0	0	0	0	0	0

0	0	0	0	0	0	0
	0	0	0	0	0	0	0
	0	0	0	0	0	0	0
	0	0	0	0	0	0	0
	0	0	0	0	0	0	0
	0	0	0	0	0	0	0
	0	0	0	0	0	0	0

0	0	0	0	0	0	0
	0	0	0	0	0	0	0
	0	0	0	0	0	0	0
	0	0	0	0	0	0	0
	0	0	0	0	0	0	0
	0	0	0	0	0	0	0
	0	0	0	0	0	0	0

0	0	0	0	0	0	0
	0	0	0	0	0	0	0
	0	0	0	0	0	0	0
	0	0	0	0	0	0	0
	0	0	0	0	0	0	0
	0	0	0	0	0	0	0
	0	0	0	0	0	0	0



