Experiment	experiment_0
simulation_time	604800
time_of_Measures
0	259200	604800	
Measures
CortexMeasure	3dplCL
dia	0
tissue_width	0.0001
inj_width	0
inj_length	1292.38
minimal_tissue_distance	0
minimal_vaso_distance	0
x_pos
0	250	500	750	1000	1250	1500	1750	2000	2250	2500	2750	3000	3250	3500	3750	4000	
area_covered_by_Astrocytes
295321	329876	345766	341689	340405	311645	313440	313603	306384	145735	7978.4	0	0	0	0	0	
total_number_of_Astrocytes
72	105	190	263	248	233	166	218	194	65	4	0	0	0	0	0	
number_of_Astrocytes_of_each_type
51.5	0	20.5	0	0	0	0	
88.6	0	16.4	0	0	0	0	
142.2	0	47.8	0	0	0	0	
193.4	0	69.6	0	0	0	0	
183.5	0	64.5	0	0	0	0	
150.7	0	82.3	0	0	0	0	
115.8	0	50.2	0	0	0	0	
160.3	0	57.7	0	0	0	0	
148	0	46	0	0	0	0	
57.3	0	7.7	0	0	0	0	
3.2	0	0.8	0	0	0	0	
0	0	0	0	0	0	0	
0	0	0	0	0	0	0	
0	0	0	0	0	0	0	
0	0	0	0	0	0	0	
0	0	0	0	0	0	0	

density_of_Astrocytes_of_each_type
0.000243803	0.000318301	0.000549504	0.000769705	0.000728543	0.000747645	0.000529607	0.000695147	0.000633192	0.000446016	0.000501354	-nan	-nan	-nan	-nan	-nan	
covariance_of_number_of_Astrocytes_of_each_type
4.35	0	-4.35	0	0	0	0	
	0	0	0	0	0	0	0	
	-4.35	0	4.35	0	0	0	0	
	0	0	0	0	0	0	0	
	0	0	0	0	0	0	0	
	0	0	0	0	0	0	0	
	0	0	0	0	0	0	0	
	
3.52	0	-3.52	0	0	0	0	
	0	0	0	0	0	0	0	
	-3.52	0	3.52	0	0	0	0	
	0	0	0	0	0	0	0	
	0	0	0	0	0	0	0	
	0	0	0	0	0	0	0	
	0	0	0	0	0	0	0	
	
10.38	0	-10.38	0	0	0	0	
	0	0	0	0	0	0	0	
	-10.38	0	10.38	0	0	0	0	
	0	0	0	0	0	0	0	
	0	0	0	0	0	0	0	
	0	0	0	0	0	0	0	
	0	0	0	0	0	0	0	
	
9.28	0	-9.28	0	0	0	0	
	0	0	0	0	0	0	0	
	-9.28	0	9.28	0	0	0	0	
	0	0	0	0	0	0	0	
	0	0	0	0	0	0	0	
	0	0	0	0	0	0	0	
	0	0	0	0	0	0	0	
	
6.23	0	-6.23	0	0	0	0	
	0	0	0	0	0	0	0	
	-6.23	0	6.23	0	0	0	0	
	0	0	0	0	0	0	0	
	0	0	0	0	0	0	0	
	0	0	0	0	0	0	0	
	0	0	0	0	0	0	0	
	
-6.99	0	6.99	0	0	0	0	
	0	0	0	0	0	0	0	
	6.99	0	-6.99	0	0	0	0	
	0	0	0	0	0	0	0	
	0	0	0	0	0	0	0	
	0	0	0	0	0	0	0	
	0	0	0	0	0	0	0	
	
10.12	0	-10.12	0	0	0	0	
	0	0	0	0	0	0	0	
	-10.12	0	10.12	0	0	0	0	
	0	0	0	0	0	0	0	
	0	0	0	0	0	0	0	
	0	0	0	0	0	0	0	
	0	0	0	0	0	0	0	
	
12.79	0	-12.79	0	0	0	0	
	0	0	0	0	0	0	0	
	-12.79	0	12.79	0	0	0	0	
	0	0	0	0	0	0	0	
	0	0	0	0	0	0	0	
	0	0	0	0	0	0	0	
	0	0	0	0	0	0	0	
	
12.52	0	-12.52	0	0	0	0	
	0	0	0	0	0	0	0	
	-12.52	0	12.52	0	0	0	0	
	0	0	0	0	0	0	0	
	0	0	0	0	0	0	0	
	0	0	0	0	0	0	0	
	0	0	0	0	0	0	0	
	
3.05	0	-3.05	0	0	0	0	
	0	0	0	0	0	0	0	
	-3.05	0	3.05	0	0	0	0	
	0	0	0	0	0	0	0	
	0	0	0	0	0	0	0	
	0	0	0	0	0	0	0	
	0	0	0	0	0	0	0	
	
0.46	0	-0.46	0	0	0	0	
	0	0	0	0	0	0	0	
	-0.46	0	0.46	0	0	0	0	
	0	0	0	0	0	0	0	
	0	0	0	0	0	0	0	
	0	0	0	0	0	0	0	
	0	0	0	0	0	0	0	
	
0	0	0	0	0	0	0	
	0	0	0	0	0	0	0	
	0	0	0	0	0	0	0	
	0	0	0	0	0	0	0	
	0	0	0	0	0	0	0	
	0	0	0	0	0	0	0	
	0	0	0	0	0	0	0	
	
0	0	0	0	0	0	0	
	0	0	0	0	0	0	0	
	0	0	0	0	0	0	0	
	0	0	0	0	0	0	0	
	0	0	0	0	0	0	0	
	0	0	0	0	0	0	0	
	0	0	0	0	0	0	0	
	
0	0	0	0	0	0	0	
	0	0	0	0	0	0	0	
	0	0	0	0	0	0	0	
	0	0	0	0	0	0	0	
	0	0	0	0	0	0	0	
	0	0	0	0	0	0	0	
	0	0	0	0	0	0	0	
	
0	0	0	0	0	0	0	
	0	0	0	0	0	0	0	
	0	0	0	0	0	0	0	
	0	0	0	0	0	0	0	
	0	0	0	0	0	0	0	
	0	0	0	0	0	0	0	
	0	0	0	0	0	0	0	
	
0	0	0	0	0	0	0	
	0	0	0	0	0	0	0	
	0	0	0	0	0	0	0	
	0	0	0	0	0	0	0	
	0	0	0	0	0	0	0	
	0	0	0	0	0	0	0	
	0	0	0	0	0	0	0	
	

	CortexMeasure	3dpl
dia	3
tissue_width	0.0001
inj_width	50
inj_length	510.237
minimal_tissue_distance	0
minimal_vaso_distance	0
x_pos
0	250	500	750	1000	1250	1500	1750	2000	2250	2500	2750	3000	3250	3500	3750	4000	
area_covered_by_Astrocytes
154930	234609	318659	356969	317795	279842	202033	194957	229448	257994	258968	283165	254235	239884	79776.1	0	
total_number_of_Astrocytes
152	199	256	269	180	172	161	110	106	116	126	132	119	121	37	0	
number_of_Astrocytes_of_each_type
0	20	40.4	59.1	32.5	0	0	
2.2	6	89.6	72.3	28.9	0	0	
42.1	0	118.9	81.9	13.1	0	0	
44	0	108.5	93.2	23.3	0	0	
47.7	0	81	51.3	0	0	0	
59.2	0	78.4	34.4	0	0	0	
49.2	0	79.4	29.4	3	0	0	
46.2	0	46.6	16.9	0.3	0	0	
58.3	0	32.5	14.1	1.1	0	0	
37.6	0	76.1	2.3	0	0	0	
81.5	0	43.5	1	0	0	0	
78	0	47	5.4	1.6	0	0	
55.6	0	44.4	15.1	3.9	0	0	
52.5	0	48.5	17	3	0	0	
9.7	0	18.3	7	2	0	0	
0	0	0	0	0	0	0	

density_of_Astrocytes_of_each_type
0.00098109	0.000848219	0.000803367	0.000753567	0.000566404	0.000614633	0.000796901	0.000564226	0.000461979	0.000449623	0.000486547	0.000466159	0.000468071	0.00050441	0.000463798	-nan	
covariance_of_number_of_Astrocytes_of_each_type
0	0	0	0	0	0	0	
	0	0	0	0	0	0	0	
	0	0	2.14	-2.14	0	0	0	
	0	0	-2.14	3.39	-1.25	0	0	
	0	0	0	-1.25	1.25	0	0	
	0	0	0	0	0	0	0	
	0	0	0	0	0	0	0	
	
0.88	0	-0.88	0	0	0	0	
	0	0	0	0	0	0	0	
	-0.88	0	8.58	-7.7	0	0	0	
	0	0	-7.7	8.79	-1.09	0	0	
	0	0	0	-1.09	1.09	0	0	
	0	0	0	0	0	0	0	
	0	0	0	0	0	0	0	
	
7.11	0	-7.11	0	0	0	0	
	0	0	0	0	0	0	0	
	-7.11	0	14.99	-7.88	0	0	0	
	0	0	-7.88	8.55	-0.67	0	0	
	0	0	0	-0.67	0.67	0	0	
	0	0	0	0	0	0	0	
	0	0	0	0	0	0	0	
	
8.7	0	-8.7	0	0	0	0	
	0	0	0	0	0	0	0	
	-8.7	0	15.81	-7.11	0	0	0	
	0	0	-7.11	12.76	-5.65	0	0	
	0	0	0	-5.65	5.65	0	0	
	0	0	0	0	0	0	0	
	0	0	0	0	0	0	0	
	
8.55	0	-8.55	0	0	0	0	
	0	0	0	0	0	0	0	
	-8.55	0	20.48	-11.93	0	0	0	
	0	0	-11.93	11.93	0	0	0	
	0	0	0	0	0	0	0	
	0	0	0	0	0	0	0	
	0	0	0	0	0	0	0	
	
9.42	0	-9.42	0	0	0	0	
	0	0	0	0	0	0	0	
	-9.42	0	16.96	-7.54	0	0	0	
	0	0	-7.54	7.54	0	0	0	
	0	0	0	0	0	0	0	
	0	0	0	0	0	0	0	
	0	0	0	0	0	0	0	
	
7.9	0	-7.9	0	0	0	0	
	0	0	0	0	0	0	0	
	-7.9	0	13.22	-5.32	0	0	0	
	0	0	-5.32	6.66	-1.34	0	0	
	0	0	0	-1.34	1.34	0	0	
	0	0	0	0	0	0	0	
	0	0	0	0	0	0	0	
	
2.68	0	-2.68	0	0	0	0	
	0	0	0	0	0	0	0	
	-2.68	0	4.52	-1.84	0	0	0	
	0	0	-1.84	2.05	-0.21	0	0	
	0	0	0	-0.21	0.21	0	0	
	0	0	0	0	0	0	0	
	0	0	0	0	0	0	0	
	
3.01	0	-3.01	0	0	0	0	
	0	0	0	0	0	0	0	
	-3.01	0	4.39	-1.38	0	0	0	
	0	0	-1.38	2.05	-0.67	0	0	
	0	0	0	-0.67	0.67	0	0	
	0	0	0	0	0	0	0	
	0	0	0	0	0	0	0	
	
7.66	0	-7.66	0	0	0	0	
	0	0	0	0	0	0	0	
	-7.66	0	8.87	-1.21	0	0	0	
	0	0	-1.21	1.21	0	0	0	
	0	0	0	0	0	0	0	
	0	0	0	0	0	0	0	
	0	0	0	0	0	0	0	
	
8.15	0	-8.15	0	0	0	0	
	0	0	0	0	0	0	0	
	-8.15	0	8.65	-0.5	0	0	0	
	0	0	-0.5	0.5	0	0	0	
	0	0	0	0	0	0	0	
	0	0	0	0	0	0	0	
	0	0	0	0	0	0	0	
	
8.96	0	-8.96	0	0	0	0	
	0	0	0	0	0	0	0	
	-8.96	0	8.96	0	0	0	0	
	0	0	0	0.92	-0.92	0	0	
	0	0	0	-0.92	0.92	0	0	
	0	0	0	0	0	0	0	
	0	0	0	0	0	0	0	
	
6.4	0	-6.4	0	0	0	0	
	0	0	0	0	0	0	0	
	-6.4	0	6.4	0	0	0	0	
	0	0	0	1.97	-1.97	0	0	
	0	0	0	-1.97	1.97	0	0	
	0	0	0	0	0	0	0	
	0	0	0	0	0	0	0	
	
8.03	0	-8.03	0	0	0	0	
	0	0	0	0	0	0	0	
	-8.03	0	8.03	0	0	0	0	
	0	0	0	1.34	-1.34	0	0	
	0	0	0	-1.34	1.34	0	0	
	0	0	0	0	0	0	0	
	0	0	0	0	0	0	0	
	
1.21	0	-1.21	0	0	0	0	
	0	0	0	0	0	0	0	
	-1.21	0	1.21	0	0	0	0	
	0	0	0	0.92	-0.92	0	0	
	0	0	0	-0.92	0.92	0	0	
	0	0	0	0	0	0	0	
	0	0	0	0	0	0	0	
	
0	0	0	0	0	0	0	
	0	0	0	0	0	0	0	
	0	0	0	0	0	0	0	
	0	0	0	0	0	0	0	
	0	0	0	0	0	0	0	
	0	0	0	0	0	0	0	
	0	0	0	0	0	0	0	
	

	CortexMeasure	7dpl2
dia	7
tissue_width	0.0001
inj_width	1000
inj_length	3864.37
minimal_tissue_distance	0
minimal_vaso_distance	0
x_pos
0	250	500	750	1000	1250	1500	1750	2000	2250	2500	2750	3000	3250	3500	3750	4000	
area_covered_by_Astrocytes
490347	253628	221252	193027	224235	235176	241099	248886	283735	281009	213564	822.982	0	0	0	0	
total_number_of_Astrocytes
309	200	190	147	190	179	174	173	235	239	201	1	0	0	0	0	
number_of_Astrocytes_of_each_type
0	0	0	5.9	166	137.1	0	
0	0	0	31.1	100.8	68.1	0	
0	0	6.2	72	62.1	49.7	0	
0	0	9.7	62.5	57.9	16.9	0	
0	0	19.6	99	63.4	8	0	
0	0	32.8	81.4	61	3.8	0	
0	0	37.6	90.5	38.3	7.6	0	
0.3	0	64.3	72.2	31.3	4.9	0	
9.7	0	62.6	107.8	54.1	0.8	0	
6.9	0	70.5	117.4	43.1	1.1	0	
6.7	0	50.3	114.3	29	0.7	0	
0	0	0	1	0	0	0	
0	0	0	0	0	0	0	
0	0	0	0	0	0	0	
0	0	0	0	0	0	0	
0	0	0	0	0	0	0	

density_of_Astrocytes_of_each_type
0.000630165	0.000788556	0.000858751	0.00076155	0.000847326	0.000761131	0.000721697	0.000695098	0.000828237	0.000850506	0.000941168	0.00121509	-nan	-nan	-nan	-nan	
covariance_of_number_of_Astrocytes_of_each_type
0	0	0	0	0	0	0	
	0	0	0	0	0	0	0	
	0	0	0	0	0	0	0	
	0	0	0	2.35	-2.35	0	0	
	0	0	0	-2.35	19.52	-17.17	0	
	0	0	0	0	-17.17	17.17	0	
	0	0	0	0	0	0	0	
	
0	0	0	0	0	0	0	
	0	0	0	0	0	0	0	
	0	0	0	0	0	0	0	
	0	0	0	5.49	-5.49	0	0	
	0	0	0	-5.49	11.56	-6.07	0	
	0	0	0	0	-6.07	6.07	0	
	0	0	0	0	0	0	0	
	
0	0	0	0	0	0	0	
	0	0	0	0	0	0	0	
	0	0	2.18	-2.18	0	0	0	
	0	0	-2.18	11.02	-8.84	0	0	
	0	0	0	-8.84	16.17	-7.33	0	
	0	0	0	0	-7.33	7.33	0	
	0	0	0	0	0	0	0	
	
0	0	0	0	0	0	0	
	0	0	0	0	0	0	0	
	0	0	4.23	-4.23	0	0	0	
	0	0	-4.23	9.55	-5.32	0	0	
	0	0	0	-5.32	9.93	-4.61	0	
	0	0	0	0	-4.61	4.61	0	
	0	0	0	0	0	0	0	
	
0	0	0	0	0	0	0	
	0	0	0	0	0	0	0	
	0	0	8.12	-8.12	0	0	0	
	0	0	-8.12	16.46	-8.34	0	0	
	0	0	0	-8.34	10.44	-2.1	0	
	0	0	0	0	-2.1	2.1	0	
	0	0	0	0	0	0	0	
	
0	0	0	0	0	0	0	
	0	0	0	0	0	0	0	
	0	0	5.94	-5.94	0	0	0	
	0	0	-5.94	10.84	-4.9	0	0	
	0	0	0	-4.9	6.2	-1.3	0	
	0	0	0	0	-1.3	1.3	0	
	0	0	0	0	0	0	0	
	
0	0	0	0	0	0	0	
	0	0	0	0	0	0	0	
	0	0	9.42	-9.42	0	0	0	
	0	0	-9.42	16.45	-7.03	0	0	
	0	0	0	-7.03	10.25	-3.22	0	
	0	0	0	0	-3.22	3.22	0	
	0	0	0	0	0	0	0	
	
0.21	0	-0.21	0	0	0	0	
	0	0	0	0	0	0	0	
	-0.21	0	8.75	-8.54	0	0	0	
	0	0	-8.54	15.24	-6.7	0	0	
	0	0	0	-6.7	8.79	-2.09	0	
	0	0	0	0	-2.09	2.09	0	
	0	0	0	0	0	0	0	
	
4.23	0	-4.23	0	0	0	0	
	0	0	0	0	0	0	0	
	-4.23	0	-10.48	14.71	0	0	0	
	0	0	14.71	-6.88	-7.83	0	0	
	0	0	0	-7.83	8.29	-0.46	0	
	0	0	0	0	-0.46	0.46	0	
	0	0	0	0	0	0	0	
	
3.01	0	-3.01	0	0	0	0	
	0	0	0	0	0	0	0	
	-3.01	0	12.97	-9.96	0	0	0	
	0	0	-9.96	17.32	-7.36	0	0	
	0	0	0	-7.36	8.03	-0.67	0	
	0	0	0	0	-0.67	0.67	0	
	0	0	0	0	0	0	0	
	
3.21	0	-3.21	0	0	0	0	
	0	0	0	0	0	0	0	
	-3.21	0	10.99	-7.78	0	0	0	
	0	0	-7.78	12.39	-4.61	0	0	
	0	0	0	-4.61	4.82	-0.21	0	
	0	0	0	0	-0.21	0.21	0	
	0	0	0	0	0	0	0	
	
0	0	0	0	0	0	0	
	0	0	0	0	0	0	0	
	0	0	0	0	0	0	0	
	0	0	0	0	0	0	0	
	0	0	0	0	0	0	0	
	0	0	0	0	0	0	0	
	0	0	0	0	0	0	0	
	
0	0	0	0	0	0	0	
	0	0	0	0	0	0	0	
	0	0	0	0	0	0	0	
	0	0	0	0	0	0	0	
	0	0	0	0	0	0	0	
	0	0	0	0	0	0	0	
	0	0	0	0	0	0	0	
	
0	0	0	0	0	0	0	
	0	0	0	0	0	0	0	
	0	0	0	0	0	0	0	
	0	0	0	0	0	0	0	
	0	0	0	0	0	0	0	
	0	0	0	0	0	0	0	
	0	0	0	0	0	0	0	
	
0	0	0	0	0	0	0	
	0	0	0	0	0	0	0	
	0	0	0	0	0	0	0	
	0	0	0	0	0	0	0	
	0	0	0	0	0	0	0	
	0	0	0	0	0	0	0	
	0	0	0	0	0	0	0	
	
0	0	0	0	0	0	0	
	0	0	0	0	0	0	0	
	0	0	0	0	0	0	0	
	0	0	0	0	0	0	0	
	0	0	0	0	0	0	0	
	0	0	0	0	0	0	0	
	0	0	0	0	0	0	0	
	

	
