Experiment	experiment_log_250
simulation_time	604800
time_of_Measures
0	259200	604800	
time_of_Simulated_Points
0	259200	604800
Measures
CortexMeasure	3dplCL
dia	0
tissue_width	0.0001
inj_width	0
inj_length	1292.38
minimal_tissue_distance	0
minimal_vaso_distance	0
x_pos
0	250	500	1000	1500	2000	2500	3000	3500	4000	
area_covered_by_Astrocytes
295550	329422	688104	650471	626206	451942	7996.75	0	0	
total_number_of_Astrocytes
72	105	453	481	384	259	4	0	0	
number_of_Astrocytes_of_each_type
51.5	0	20.5	0	0	0	0	
88.6	0	16.4	0	0	0	0	
335.6	0	117.4	0	0	0	0	
334.2	0	146.8	0	0	0	0	
276.1	0	107.9	0	0	0	0	
205.3	0	53.7	0	0	0	0	
3.2	0	0.8	0	0	0	0	
0	0	0	0	0	0	0	
0	0	0	0	0	0	0	

density_of_Astrocytes_of_each_type
0.000243613	0.00031874	0.000658331	0.000739464	0.000613217	0.000573083	0.000500203	-nan	-nan	
covariance_of_number_of_Astrocytes_of_each_type
4.35	0	-4.35	0	0	0	0	
	0	0	0	0	0	0	0	
	-4.35	0	4.35	0	0	0	0	
	0	0	0	0	0	0	0	
	0	0	0	0	0	0	0	
	0	0	0	0	0	0	0	
	0	0	0	0	0	0	0	
	
3.52	0	-3.52	0	0	0	0	
	0	0	0	0	0	0	0	
	-3.52	0	3.52	0	0	0	0	
	0	0	0	0	0	0	0	
	0	0	0	0	0	0	0	
	0	0	0	0	0	0	0	
	0	0	0	0	0	0	0	
	
19.66	0	-19.66	0	0	0	0	
	0	0	0	0	0	0	0	
	-19.66	0	19.66	0	0	0	0	
	0	0	0	0	0	0	0	
	0	0	0	0	0	0	0	
	0	0	0	0	0	0	0	
	0	0	0	0	0	0	0	
	
-0.76	0	0.76	0	0	0	0	
	0	0	0	0	0	0	0	
	0.76	0	-0.76	0	0	0	0	
	0	0	0	0	0	0	0	
	0	0	0	0	0	0	0	
	0	0	0	0	0	0	0	
	0	0	0	0	0	0	0	
	
22.91	0	-22.91	0	0	0	0	
	0	0	0	0	0	0	0	
	-22.91	0	22.91	0	0	0	0	
	0	0	0	0	0	0	0	
	0	0	0	0	0	0	0	
	0	0	0	0	0	0	0	
	0	0	0	0	0	0	0	
	
15.57	0	-15.57	0	0	0	0	
	0	0	0	0	0	0	0	
	-15.57	0	15.57	0	0	0	0	
	0	0	0	0	0	0	0	
	0	0	0	0	0	0	0	
	0	0	0	0	0	0	0	
	0	0	0	0	0	0	0	
	
0.46	0	-0.46	0	0	0	0	
	0	0	0	0	0	0	0	
	-0.46	0	0.46	0	0	0	0	
	0	0	0	0	0	0	0	
	0	0	0	0	0	0	0	
	0	0	0	0	0	0	0	
	0	0	0	0	0	0	0	
	
0	0	0	0	0	0	0	
	0	0	0	0	0	0	0	
	0	0	0	0	0	0	0	
	0	0	0	0	0	0	0	
	0	0	0	0	0	0	0	
	0	0	0	0	0	0	0	
	0	0	0	0	0	0	0	
	
0	0	0	0	0	0	0	
	0	0	0	0	0	0	0	
	0	0	0	0	0	0	0	
	0	0	0	0	0	0	0	
	0	0	0	0	0	0	0	
	0	0	0	0	0	0	0	
	0	0	0	0	0	0	0	
	

	CortexMeasure	3dpl
dia	3
tissue_width	0.0001
inj_width	50
inj_length	510.237
minimal_tissue_distance	0
minimal_vaso_distance	0
x_pos
0	250	500	1000	1500	2000	2500	3000	3500	4000	
area_covered_by_Astrocytes
154930	234609	675396	600087	404034	487373	544891	492843	79938	
total_number_of_Astrocytes
152	199	525	352	271	222	258	240	37	
number_of_Astrocytes_of_each_type
0	20	40.4	59.1	32.5	0	0	
2.2	6	89.6	72.3	28.9	0	0	
86.1	0	227.4	175.1	36.4	0	0	
106.9	0	159.4	85.7	0	0	0	
95.4	0	126	46.3	3.3	0	0	
95.9	0	108.6	16.4	1.1	0	0	
159.5	0	90.5	6.4	1.6	0	0	
108.1	0	92.9	32.1	6.9	0	0	
9.7	0	18.3	7	2	0	0	

density_of_Astrocytes_of_each_type
0.00098109	0.000848221	0.000777321	0.000586582	0.000670735	0.000455503	0.000473489	0.000486971	0.000462859	
covariance_of_number_of_Astrocytes_of_each_type
0	0	0	0	0	0	0	
	0	0	0	0	0	0	0	
	0	0	2.14	-2.14	0	0	0	
	0	0	-2.14	3.39	-1.25	0	0	
	0	0	0	-1.25	1.25	0	0	
	0	0	0	0	0	0	0	
	0	0	0	0	0	0	0	
	
0.88	0	-0.88	0	0	0	0	
	0	0	0	0	0	0	0	
	-0.88	0	8.58	-7.7	0	0	0	
	0	0	-7.7	8.79	-1.09	0	0	
	0	0	0	-1.09	1.09	0	0	
	0	0	0	0	0	0	0	
	0	0	0	0	0	0	0	
	
15.81	0	-15.81	0	0	0	0	
	0	0	0	0	0	0	0	
	-15.81	0	30.8	-14.99	0	0	0	
	0	0	-14.99	21.31	-6.32	0	0	
	0	0	0	-6.32	6.32	0	0	
	0	0	0	0	0	0	0	
	0	0	0	0	0	0	0	
	
17.97	0	-17.97	0	0	0	0	
	0	0	0	0	0	0	0	
	-17.97	0	37.44	-19.47	0	0	0	
	0	0	-19.47	19.47	0	0	0	
	0	0	0	0	0	0	0	
	0	0	0	0	0	0	0	
	0	0	0	0	0	0	0	
	
10.58	0	-10.58	0	0	0	0	
	0	0	0	0	0	0	0	
	-10.58	0	17.74	-7.16	0	0	0	
	0	0	-7.16	8.71	-1.55	0	0	
	0	0	0	-1.55	1.55	0	0	
	0	0	0	0	0	0	0	
	0	0	0	0	0	0	0	
	
10.67	0	-10.67	0	0	0	0	
	0	0	0	0	0	0	0	
	-10.67	0	13.26	-2.59	0	0	0	
	0	0	-2.59	3.26	-0.67	0	0	
	0	0	0	-0.67	0.67	0	0	
	0	0	0	0	0	0	0	
	0	0	0	0	0	0	0	
	
17.11	0	-17.11	0	0	0	0	
	0	0	0	0	0	0	0	
	-17.11	0	17.61	-0.5	0	0	0	
	0	0	-0.5	1.42	-0.92	0	0	
	0	0	0	-0.92	0.92	0	0	
	0	0	0	0	0	0	0	
	0	0	0	0	0	0	0	
	
14.43	0	-14.43	0	0	0	0	
	0	0	0	0	0	0	0	
	-14.43	0	14.43	0	0	0	0	
	0	0	0	3.31	-3.31	0	0	
	0	0	0	-3.31	3.31	0	0	
	0	0	0	0	0	0	0	
	0	0	0	0	0	0	0	
	
1.21	0	-1.21	0	0	0	0	
	0	0	0	0	0	0	0	
	-1.21	0	1.21	0	0	0	0	
	0	0	0	0.92	-0.92	0	0	
	0	0	0	-0.92	0.92	0	0	
	0	0	0	0	0	0	0	
	0	0	0	0	0	0	0	
	

	CortexMeasure	7dpl2
dia	7
tissue_width	0.0001
inj_width	1000
inj_length	3864.37
minimal_tissue_distance	0
minimal_vaso_distance	0
x_pos
0	250	500	1000	1500	2000	2500	3000	3500	4000	
area_covered_by_Astrocytes
490274	253628	416247	462540	489946	564518	214372	0	0	
total_number_of_Astrocytes
309	200	337	369	347	474	202	0	0	
number_of_Astrocytes_of_each_type
0	0	0	5.9	166	137.1	0	
0	0	0	31.1	100.8	68.1	0	
0	0	15.9	134.5	120	66.6	0	
0	0	52.4	180.4	124.4	11.8	0	
0.3	0	101.9	162.7	69.6	12.5	0	
16.6	0	133.1	225.2	97.2	1.9	0	
6.7	0	50.3	115.3	29	0.7	0	
0	0	0	0	0	0	0	
0	0	0	0	0	0	0	

density_of_Astrocytes_of_each_type
0.00063026	0.000788556	0.000809616	0.000797769	0.000708242	0.000839654	0.000942287	-nan	-nan	
covariance_of_number_of_Astrocytes_of_each_type
0	0	0	0	0	0	0	
	0	0	0	0	0	0	0	
	0	0	0	0	0	0	0	
	0	0	0	2.35	-2.35	0	0	
	0	0	0	-2.35	19.52	-17.17	0	
	0	0	0	0	-17.17	17.17	0	
	0	0	0	0	0	0	0	
	
0	0	0	0	0	0	0	
	0	0	0	0	0	0	0	
	0	0	0	0	0	0	0	
	0	0	0	5.49	-5.49	0	0	
	0	0	0	-5.49	11.56	-6.07	0	
	0	0	0	0	-6.07	6.07	0	
	0	0	0	0	0	0	0	
	
0	0	0	0	0	0	0	
	0	0	0	0	0	0	0	
	0	0	6.41	-6.41	0	0	0	
	0	0	-6.41	20.57	-14.16	0	0	
	0	0	0	-14.16	26.1	-11.94	0	
	0	0	0	0	-11.94	11.94	0	
	0	0	0	0	0	0	0	
	
0	0	0	0	0	0	0	
	0	0	0	0	0	0	0	
	0	0	14.06	-14.06	0	0	0	
	0	0	-14.06	27.3	-13.24	0	0	
	0	0	0	-13.24	16.64	-3.4	0	
	0	0	0	0	-3.4	3.4	0	
	0	0	0	0	0	0	0	
	
0.21	0	-0.21	0	0	0	0	
	0	0	0	0	0	0	0	
	-0.21	0	18.17	-17.96	0	0	0	
	0	0	-17.96	31.69	-13.73	0	0	
	0	0	0	-13.73	19.04	-5.31	0	
	0	0	0	0	-5.31	5.31	0	
	0	0	0	0	0	0	0	
	
7.24	0	-7.24	0	0	0	0	
	0	0	0	0	0	0	0	
	-7.24	0	2.49	4.75	0	0	0	
	0	0	4.75	10.44	-15.19	0	0	
	0	0	0	-15.19	16.32	-1.13	0	
	0	0	0	0	-1.13	1.13	0	
	0	0	0	0	0	0	0	
	
3.21	0	-3.21	0	0	0	0	
	0	0	0	0	0	0	0	
	-3.21	0	10.99	-7.78	0	0	0	
	0	0	-7.78	12.39	-4.61	0	0	
	0	0	0	-4.61	4.82	-0.21	0	
	0	0	0	0	-0.21	0.21	0	
	0	0	0	0	0	0	0	
	
0	0	0	0	0	0	0	
	0	0	0	0	0	0	0	
	0	0	0	0	0	0	0	
	0	0	0	0	0	0	0	
	0	0	0	0	0	0	0	
	0	0	0	0	0	0	0	
	0	0	0	0	0	0	0	
	
0	0	0	0	0	0	0	
	0	0	0	0	0	0	0	
	0	0	0	0	0	0	0	
	0	0	0	0	0	0	0	
	0	0	0	0	0	0	0	
	0	0	0	0	0	0	0	
	0	0	0	0	0	0	0	
	

	
