Experiment	experiment_log_50
simulation_time	1209601
time_of_Measures
0	259200	604800	
time_of_Simulated_Points
0   86400   172800  259200  432000  604800 1209600

Measures
CortexMeasure	3dplCL
dia	0
tissue_width	0.0001
inj_width	0
inj_length	1292.38
minimal_tissue_distance	0
minimal_vaso_distance	0
x_pos
0	50	100	200	500	1000	1500	2000	2500	3000	3500	4000	
area_covered_by_Astrocytes
53534.1	61226	119404	390808	688104	650471	626206	451942	7996.75	0	0	
total_number_of_Astrocytes
15	19	27	116	453	481	384	259	4	0	0	
number_of_Astrocytes_of_each_type
9	0	6	0	0	0	0	
14.9	0	4.1	0	0	0	0	
18.7	0	8.3	0	0	0	0	
97.5	0	18.5	0	0	0	0	
335.6	0	117.4	0	0	0	0	
334.2	0	146.8	0	0	0	0	
276.1	0	107.9	0	0	0	0	
205.3	0	53.7	0	0	0	0	
3.2	0	0.8	0	0	0	0	
0	0	0	0	0	0	0	
0	0	0	0	0	0	0	

density_of_Astrocytes_of_each_type
0.000280195	0.000310325	0.000226122	0.000296821	0.000658331	0.000739464	0.000613217	0.000573083	0.000500203	-nan	-nan	
covariance_of_number_of_Astrocytes_of_each_type
1.42	0	-1.42	0	0	0	0	
	0	0	0	0	0	0	0	
	-1.42	0	1.42	0	0	0	0	
	0	0	0	0	0	0	0	
	0	0	0	0	0	0	0	
	0	0	0	0	0	0	0	
	0	0	0	0	0	0	0	
	
0.67	0	-0.67	0	0	0	0	
	0	0	0	0	0	0	0	
	-0.67	0	0.67	0	0	0	0	
	0	0	0	0	0	0	0	
	0	0	0	0	0	0	0	
	0	0	0	0	0	0	0	
	0	0	0	0	0	0	0	
	
1.09	0	-1.09	0	0	0	0	
	0	0	0	0	0	0	0	
	-1.09	0	1.09	0	0	0	0	
	0	0	0	0	0	0	0	
	0	0	0	0	0	0	0	
	0	0	0	0	0	0	0	
	0	0	0	0	0	0	0	
	
4.69	0	-4.69	0	0	0	0	
	0	0	0	0	0	0	0	
	-4.69	0	4.69	0	0	0	0	
	0	0	0	0	0	0	0	
	0	0	0	0	0	0	0	
	0	0	0	0	0	0	0	
	0	0	0	0	0	0	0	
	
19.66	0	-19.66	0	0	0	0	
	0	0	0	0	0	0	0	
	-19.66	0	19.66	0	0	0	0	
	0	0	0	0	0	0	0	
	0	0	0	0	0	0	0	
	0	0	0	0	0	0	0	
	0	0	0	0	0	0	0	
	
-0.76	0	0.76	0	0	0	0	
	0	0	0	0	0	0	0	
	0.76	0	-0.76	0	0	0	0	
	0	0	0	0	0	0	0	
	0	0	0	0	0	0	0	
	0	0	0	0	0	0	0	
	0	0	0	0	0	0	0	
	
22.91	0	-22.91	0	0	0	0	
	0	0	0	0	0	0	0	
	-22.91	0	22.91	0	0	0	0	
	0	0	0	0	0	0	0	
	0	0	0	0	0	0	0	
	0	0	0	0	0	0	0	
	0	0	0	0	0	0	0	
	
15.57	0	-15.57	0	0	0	0	
	0	0	0	0	0	0	0	
	-15.57	0	15.57	0	0	0	0	
	0	0	0	0	0	0	0	
	0	0	0	0	0	0	0	
	0	0	0	0	0	0	0	
	0	0	0	0	0	0	0	
	
0.46	0	-0.46	0	0	0	0	
	0	0	0	0	0	0	0	
	-0.46	0	0.46	0	0	0	0	
	0	0	0	0	0	0	0	
	0	0	0	0	0	0	0	
	0	0	0	0	0	0	0	
	0	0	0	0	0	0	0	
	
0	0	0	0	0	0	0	
	0	0	0	0	0	0	0	
	0	0	0	0	0	0	0	
	0	0	0	0	0	0	0	
	0	0	0	0	0	0	0	
	0	0	0	0	0	0	0	
	0	0	0	0	0	0	0	
	
0	0	0	0	0	0	0	
	0	0	0	0	0	0	0	
	0	0	0	0	0	0	0	
	0	0	0	0	0	0	0	
	0	0	0	0	0	0	0	
	0	0	0	0	0	0	0	
	0	0	0	0	0	0	0	
	

	CortexMeasure	3dpl
dia	3
tissue_width	0.0001
inj_width	50
inj_length	510.237
minimal_tissue_distance	0
minimal_vaso_distance	0
x_pos
0	50	100	200	500	1000	1500	2000	2500	3000	3500	4000	
area_covered_by_Astrocytes
27892.6	27484	63101	271061	675443	598346	397317	476351	541443	512189	79850.9	
total_number_of_Astrocytes
20	39	63	229	525	352	271	222	258	240	37	
number_of_Astrocytes_of_each_type
0	9	2	4	5	0	0	
0	8	9.7	14.8	6.5	0	0	
0	1	17.6	31.4	13	0	0	
2.2	8	100.7	81.2	36.9	0	0	
86.1	0	227.4	175.1	36.4	0	0	
106.9	0	159.4	85.7	0	0	0	
95.4	0	126	46.3	3.3	0	0	
95.9	0	108.6	16.4	1.1	0	0	
159.5	0	90.5	6.4	1.6	0	0	
108.1	0	92.9	32.1	6.9	0	0	
9.7	0	18.3	7	2	0	0	

density_of_Astrocytes_of_each_type
0.000717037	0.00141901	0.0009984	0.000844827	0.000777268	0.000588289	0.000682075	0.000466042	0.000476504	0.000468577	0.000463364	
covariance_of_number_of_Astrocytes_of_each_type
0	0	0	0	0	0	0	
	0	0	0	0	0	0	0	
	0	0	0	0	0	0	0	
	0	0	0	0	0	0	0	
	0	0	0	0	0	0	0	
	0	0	0	0	0	0	0	
	0	0	0	0	0	0	0	
	
0	0	0	0	0	0	0	
	0	0	0	0	0	0	0	
	0	0	0.21	-0.21	0	0	0	
	0	0	-0.21	0.46	-0.25	0	0	
	0	0	0	-0.25	0.25	0	0	
	0	0	0	0	0	0	0	
	0	0	0	0	0	0	0	
	
0	0	0	0	0	0	0	
	0	0	0	0	0	0	0	
	0	0	0.88	-0.88	0	0	0	
	0	0	-0.88	1.88	-1	0	0	
	0	0	0	-1	1	0	0	
	0	0	0	0	0	0	0	
	0	0	0	0	0	0	0	
	
0.88	0	-0.88	0	0	0	0	
	0	0	0	0	0	0	0	
	-0.88	0	9.63	-8.75	0	0	0	
	0	0	-8.75	9.84	-1.09	0	0	
	0	0	0	-1.09	1.09	0	0	
	0	0	0	0	0	0	0	
	0	0	0	0	0	0	0	
	
15.81	0	-15.81	0	0	0	0	
	0	0	0	0	0	0	0	
	-15.81	0	30.8	-14.99	0	0	0	
	0	0	-14.99	21.31	-6.32	0	0	
	0	0	0	-6.32	6.32	0	0	
	0	0	0	0	0	0	0	
	0	0	0	0	0	0	0	
	
17.97	0	-17.97	0	0	0	0	
	0	0	0	0	0	0	0	
	-17.97	0	37.44	-19.47	0	0	0	
	0	0	-19.47	19.47	0	0	0	
	0	0	0	0	0	0	0	
	0	0	0	0	0	0	0	
	0	0	0	0	0	0	0	
	
10.58	0	-10.58	0	0	0	0	
	0	0	0	0	0	0	0	
	-10.58	0	17.74	-7.16	0	0	0	
	0	0	-7.16	8.71	-1.55	0	0	
	0	0	0	-1.55	1.55	0	0	
	0	0	0	0	0	0	0	
	0	0	0	0	0	0	0	
	
10.67	0	-10.67	0	0	0	0	
	0	0	0	0	0	0	0	
	-10.67	0	13.26	-2.59	0	0	0	
	0	0	-2.59	3.26	-0.67	0	0	
	0	0	0	-0.67	0.67	0	0	
	0	0	0	0	0	0	0	
	0	0	0	0	0	0	0	
	
17.11	0	-17.11	0	0	0	0	
	0	0	0	0	0	0	0	
	-17.11	0	17.61	-0.5	0	0	0	
	0	0	-0.5	1.42	-0.92	0	0	
	0	0	0	-0.92	0.92	0	0	
	0	0	0	0	0	0	0	
	0	0	0	0	0	0	0	
	
14.43	0	-14.43	0	0	0	0	
	0	0	0	0	0	0	0	
	-14.43	0	14.43	0	0	0	0	
	0	0	0	3.31	-3.31	0	0	
	0	0	0	-3.31	3.31	0	0	
	0	0	0	0	0	0	0	
	0	0	0	0	0	0	0	
	
1.21	0	-1.21	0	0	0	0	
	0	0	0	0	0	0	0	
	-1.21	0	1.21	0	0	0	0	
	0	0	0	0.92	-0.92	0	0	
	0	0	0	-0.92	0.92	0	0	
	0	0	0	0	0	0	0	
	0	0	0	0	0	0	0	
	

	CortexMeasure	7dpl2
dia	7
tissue_width	0.0001
inj_width	1000
inj_length	3864.37
minimal_tissue_distance	0
minimal_vaso_distance	0
x_pos
0	50	100	200	500	1000	1500	2000	2500	3000	3500	4000	
area_covered_by_Astrocytes
132716	114211	184448	312625	416286	462468	489779	564087	214357	0	0	
total_number_of_Astrocytes
54	75	137	243	337	369	347	474	202	0	0	
number_of_Astrocytes_of_each_type
0	0	0	0	22.5	31.5	0	
0	0	0	0	36.6	38.4	0	
0	0	0	4.6	81.1	51.3	0	
0	0	0	32.4	126.6	84	0	
0	0	15.9	134.5	120	66.6	0	
0	0	52.4	180.4	124.4	11.8	0	
0.3	0	101.9	162.7	69.6	12.5	0	
16.6	0	133.1	225.2	97.2	1.9	0	
6.7	0	50.3	115.3	29	0.7	0	
0	0	0	0	0	0	0	
0	0	0	0	0	0	0	

density_of_Astrocytes_of_each_type
0.000406883	0.000656678	0.000742757	0.00077729	0.00080954	0.000797894	0.000708483	0.000840296	0.000942352	-nan	-nan	
covariance_of_number_of_Astrocytes_of_each_type
0	0	0	0	0	0	0	
	0	0	0	0	0	0	0	
	0	0	0	0	0	0	0	
	0	0	0	0	0	0	0	
	0	0	0	0	2.43	-2.43	0	
	0	0	0	0	-2.43	2.43	0	
	0	0	0	0	0	0	0	
	
0	0	0	0	0	0	0	
	0	0	0	0	0	0	0	
	0	0	0	0	0	0	0	
	0	0	0	0	0	0	0	
	0	0	0	0	5.36	-5.36	0	
	0	0	0	0	-5.36	5.36	0	
	0	0	0	0	0	0	0	
	
0	0	0	0	0	0	0	
	0	0	0	0	0	0	0	
	0	0	0	0	0	0	0	
	0	0	0	1.72	-1.72	0	0	
	0	0	0	-1.72	9.51	-7.79	0	
	0	0	0	0	-7.79	7.79	0	
	0	0	0	0	0	0	0	
	
0	0	0	0	0	0	0	
	0	0	0	0	0	0	0	
	0	0	0	0	0	0	0	
	0	0	0	6.12	-6.12	0	0	
	0	0	0	-6.12	13.78	-7.66	0	
	0	0	0	0	-7.66	7.66	0	
	0	0	0	0	0	0	0	
	
0	0	0	0	0	0	0	
	0	0	0	0	0	0	0	
	0	0	6.41	-6.41	0	0	0	
	0	0	-6.41	20.57	-14.16	0	0	
	0	0	0	-14.16	26.1	-11.94	0	
	0	0	0	0	-11.94	11.94	0	
	0	0	0	0	0	0	0	
	
0	0	0	0	0	0	0	
	0	0	0	0	0	0	0	
	0	0	14.06	-14.06	0	0	0	
	0	0	-14.06	27.3	-13.24	0	0	
	0	0	0	-13.24	16.64	-3.4	0	
	0	0	0	0	-3.4	3.4	0	
	0	0	0	0	0	0	0	
	
0.21	0	-0.21	0	0	0	0	
	0	0	0	0	0	0	0	
	-0.21	0	18.17	-17.96	0	0	0	
	0	0	-17.96	31.69	-13.73	0	0	
	0	0	0	-13.73	19.04	-5.31	0	
	0	0	0	0	-5.31	5.31	0	
	0	0	0	0	0	0	0	
	
7.24	0	-7.24	0	0	0	0	
	0	0	0	0	0	0	0	
	-7.24	0	2.49	4.75	0	0	0	
	0	0	4.75	10.44	-15.19	0	0	
	0	0	0	-15.19	16.32	-1.13	0	
	0	0	0	0	-1.13	1.13	0	
	0	0	0	0	0	0	0	
	
3.21	0	-3.21	0	0	0	0	
	0	0	0	0	0	0	0	
	-3.21	0	10.99	-7.78	0	0	0	
	0	0	-7.78	12.39	-4.61	0	0	
	0	0	0	-4.61	4.82	-0.21	0	
	0	0	0	0	-0.21	0.21	0	
	0	0	0	0	0	0	0	
	
0	0	0	0	0	0	0	
	0	0	0	0	0	0	0	
	0	0	0	0	0	0	0	
	0	0	0	0	0	0	0	
	0	0	0	0	0	0	0	
	0	0	0	0	0	0	0	
	0	0	0	0	0	0	0	
	
0	0	0	0	0	0	0	
	0	0	0	0	0	0	0	
	0	0	0	0	0	0	0	
	0	0	0	0	0	0	0	
	0	0	0	0	0	0	0	
	0	0	0	0	0	0	0	
	0	0	0	0	0	0	0	
	

	
