Experiment	experiment_log_250
simulation_time	604800
time_of_Measures
0	259200	604800	
time_of_Simulated_Points
0	259200	604800
Measures
CortexMeasure	3dplCL_1_2_3
dia	0
tissue_width	0.0001
inj_width	0
inj_length	1292.38
minimal_tissue_distance	0
minimal_vaso_distance	0
x_pos
0	250	500	1000	1500	2000	2500	3000	3500	
area_covered_by_Astrocytes
1263894	1314626	2199649	1563376	1270403	872054	449384.2  185358
	
total_number_of_Astrocytes
143	112	233	162	88	73	27	6	
number_of_Astrocytes_of_each_type
45	0	98	0	0	0	0
43	0	69	0	0	0	0
108	0	125	0	0	0	0
64	0	98	0	0	0	0
37	0	51	0	0	0	0
39	0	34	0	0	0	0
13	0	14	0	0	0	0
4	0	2	0	0	0	0

density_of_Astrocytes_of_each_type
0.0001131423996	8.51953331213592E-05	0.000105925990919	0.000103621905415	6.92693578336953E-05	8.37104124285881E-05	6.00822191790455E-05	3.236979250963E-05
covariance_of_number_of_Astrocytes_of_each_type
4.35	0	-4.35	0	0	0	0	
	0	0	0	0	0	0	0	
	-4.35	0	4.35	0	0	0	0	
	0	0	0	0	0	0	0	
	0	0	0	0	0	0	0	
	0	0	0	0	0	0	0	
	0	0	0	0	0	0	0	
	
3.52	0	-3.52	0	0	0	0	
	0	0	0	0	0	0	0	
	-3.52	0	3.52	0	0	0	0	
	0	0	0	0	0	0	0	
	0	0	0	0	0	0	0	
	0	0	0	0	0	0	0	
	0	0	0	0	0	0	0	
	
19.66	0	-19.66	0	0	0	0	
	0	0	0	0	0	0	0	
	-19.66	0	19.66	0	0	0	0	
	0	0	0	0	0	0	0	
	0	0	0	0	0	0	0	
	0	0	0	0	0	0	0	
	0	0	0	0	0	0	0	
	
-0.76	0	0.76	0	0	0	0	
	0	0	0	0	0	0	0	
	0.76	0	-0.76	0	0	0	0	
	0	0	0	0	0	0	0	
	0	0	0	0	0	0	0	
	0	0	0	0	0	0	0	
	0	0	0	0	0	0	0	
	
22.91	0	-22.91	0	0	0	0	
	0	0	0	0	0	0	0	
	-22.91	0	22.91	0	0	0	0	
	0	0	0	0	0	0	0	
	0	0	0	0	0	0	0	
	0	0	0	0	0	0	0	
	0	0	0	0	0	0	0	
	
15.57	0	-15.57	0	0	0	0	
	0	0	0	0	0	0	0	
	-15.57	0	15.57	0	0	0	0	
	0	0	0	0	0	0	0	
	0	0	0	0	0	0	0	
	0	0	0	0	0	0	0	
	0	0	0	0	0	0	0	
	
0.46	0	-0.46	0	0	0	0	
	0	0	0	0	0	0	0	
	-0.46	0	0.46	0	0	0	0	
	0	0	0	0	0	0	0	
	0	0	0	0	0	0	0	
	0	0	0	0	0	0	0	
	0	0	0	0	0	0	0	
	
0	0	0	0	0	0	0	
	0	0	0	0	0	0	0	
	0	0	0	0	0	0	0	
	0	0	0	0	0	0	0	
	0	0	0	0	0	0	0	
	0	0	0	0	0	0	0	
	0	0	0	0	0	0	0	
	
0	0	0	0	0	0	0	
	0	0	0	0	0	0	0	
	0	0	0	0	0	0	0	
	0	0	0	0	0	0	0	
	0	0	0	0	0	0	0	
	0	0	0	0	0	0	0	
	0	0	0	0	0	0	0	
	

	CortexMeasure	3dpl_1_3_4_5
dia	3
tissue_width	0.0001
inj_width	50
inj_length	510.237
minimal_tissue_distance	0
minimal_vaso_distance	0
x_pos
0	250	500	1000	1500	2000	2500	3000	3500	4000	4500
area_covered_by_Astrocytes
1283439	1579535	3285388	3300528	3021980	2596924	1780421.68	1164210.5	380641.4	10258.5
	
total_number_of_Astrocytes
151	265	683	676	627	512	331	182	32	0	
number_of_Astrocytes_of_each_type
0.7	0	0	16.8	133.5	0	0
0.3	0	2	56.4	206.3	0	0
58.3	0	46	263.7	315	0	0
111.5	0	176	274.3	114.2	0	0
124	0	183	255.5	64.5	0	0
126.2	0	196	169.6	20.2	0	0
93	0	152	79.7	6.3	0	0
53.6	0	118	10.4	0	0	0
6	0	26	0	0	0	0

density_of_Astrocytes_of_each_type
0.000117652650418	0.000167770894599	0.000207890209619	0.000204815714334	0.000207479864195	0.000197156328025	0.000185911014069	0.000156329117458	8.40686273221988E-05	0
covariance_of_number_of_Astrocytes_of_each_type
0	0	0	0	0	0	0	
	0	0	0	0	0	0	0	
	0	0	2.14	-2.14	0	0	0	
	0	0	-2.14	3.39	-1.25	0	0	
	0	0	0	-1.25	1.25	0	0	
	0	0	0	0	0	0	0	
	0	0	0	0	0	0	0	
	
0.88	0	-0.88	0	0	0	0	
	0	0	0	0	0	0	0	
	-0.88	0	8.58	-7.7	0	0	0	
	0	0	-7.7	8.79	-1.09	0	0	
	0	0	0	-1.09	1.09	0	0	
	0	0	0	0	0	0	0	
	0	0	0	0	0	0	0	
	
15.81	0	-15.81	0	0	0	0	
	0	0	0	0	0	0	0	
	-15.81	0	30.8	-14.99	0	0	0	
	0	0	-14.99	21.31	-6.32	0	0	
	0	0	0	-6.32	6.32	0	0	
	0	0	0	0	0	0	0	
	0	0	0	0	0	0	0	
	
17.97	0	-17.97	0	0	0	0	
	0	0	0	0	0	0	0	
	-17.97	0	37.44	-19.47	0	0	0	
	0	0	-19.47	19.47	0	0	0	
	0	0	0	0	0	0	0	
	0	0	0	0	0	0	0	
	0	0	0	0	0	0	0	
	
10.58	0	-10.58	0	0	0	0	
	0	0	0	0	0	0	0	
	-10.58	0	17.74	-7.16	0	0	0	
	0	0	-7.16	8.71	-1.55	0	0	
	0	0	0	-1.55	1.55	0	0	
	0	0	0	0	0	0	0	
	0	0	0	0	0	0	0	
	
10.67	0	-10.67	0	0	0	0	
	0	0	0	0	0	0	0	
	-10.67	0	13.26	-2.59	0	0	0	
	0	0	-2.59	3.26	-0.67	0	0	
	0	0	0	-0.67	0.67	0	0	
	0	0	0	0	0	0	0	
	0	0	0	0	0	0	0	
	
17.11	0	-17.11	0	0	0	0	
	0	0	0	0	0	0	0	
	-17.11	0	17.61	-0.5	0	0	0	
	0	0	-0.5	1.42	-0.92	0	0	
	0	0	0	-0.92	0.92	0	0	
	0	0	0	0	0	0	0	
	0	0	0	0	0	0	0	
	
14.43	0	-14.43	0	0	0	0	
	0	0	0	0	0	0	0	
	-14.43	0	14.43	0	0	0	0	
	0	0	0	3.31	-3.31	0	0	
	0	0	0	-3.31	3.31	0	0	
	0	0	0	0	0	0	0	
	0	0	0	0	0	0	0	
	
1.21	0	-1.21	0	0	0	0	
	0	0	0	0	0	0	0	
	-1.21	0	1.21	0	0	0	0	
	0	0	0	0.92	-0.92	0	0	
	0	0	0	-0.92	0.92	0	0	
	0	0	0	0	0	0	0	
	0	0	0	0	0	0	0	
	

	CortexMeasure	7dpl1_2_3_4_5
dia	7
tissue_width	0.0001
inj_width	1000
inj_length	3864.37
minimal_tissue_distance	0
minimal_vaso_distance	0
x_pos
0	250	500	1000	1500	2000	2500	3000	3500	4000	4500	5000	5500
area_covered_by_Astrocytes
2742962	2392867	4282314	4284802	4053907	3993581	4297793	3798972	3008127	2131612.65	875053.7	304548	0
total_number_of_Astrocytes
266	409	779	765	684	625	644	518	456	293	85	15	0
number_of_Astrocytes_of_each_type
0.7	0	0	7.4	45.9	212
2.3	0	0	33.4	150.2	223.1
11.8	0	27	183.5	395.9	160.8
32.6	0	129	281.5	305.9	16
39.8	0	152	328.7	162	1.5
42.3	0	185	264.6	133.1	0
42.3	0	228	280.3	93.4	0
67.2	0	187	239.5	24.3	0
68.9	0	146	233.6	7.5	0
61.6	0	93	138.1	0.3	0
22.6	0	31	31.4	0	0
1.7	0	12	1.3	0	0
0	0	0	0	0	0

density_of_Astrocytes_of_each_type
9.69754593756676E-05	0.000170924669027	0.00018191099485	0.00017853800479	0.000168726120259	0.000156501145213	0.000149844350344	0.000136352676461	0.000151589344466	0.000137454616813	9.71368957128002E-05	4.9253319673746E-05
covariance_of_number_of_Astrocytes_of_each_type
0	0	0	0	0	0	0	
	0	0	0	0	0	0	0	
	0	0	0	0	0	0	0	
	0	0	0	2.35	-2.35	0	0	
	0	0	0	-2.35	19.52	-17.17	0	
	0	0	0	0	-17.17	17.17	0	
	0	0	0	0	0	0	0	
	
0	0	0	0	0	0	0	
	0	0	0	0	0	0	0	
	0	0	0	0	0	0	0	
	0	0	0	5.49	-5.49	0	0	
	0	0	0	-5.49	11.56	-6.07	0	
	0	0	0	0	-6.07	6.07	0	
	0	0	0	0	0	0	0	
	
0	0	0	0	0	0	0	
	0	0	0	0	0	0	0	
	0	0	6.41	-6.41	0	0	0	
	0	0	-6.41	20.57	-14.16	0	0	
	0	0	0	-14.16	26.1	-11.94	0	
	0	0	0	0	-11.94	11.94	0	
	0	0	0	0	0	0	0	
	
0	0	0	0	0	0	0	
	0	0	0	0	0	0	0	
	0	0	14.06	-14.06	0	0	0	
	0	0	-14.06	27.3	-13.24	0	0	
	0	0	0	-13.24	16.64	-3.4	0	
	0	0	0	0	-3.4	3.4	0	
	0	0	0	0	0	0	0	
	
0.21	0	-0.21	0	0	0	0	
	0	0	0	0	0	0	0	
	-0.21	0	18.17	-17.96	0	0	0	
	0	0	-17.96	31.69	-13.73	0	0	
	0	0	0	-13.73	19.04	-5.31	0	
	0	0	0	0	-5.31	5.31	0	
	0	0	0	0	0	0	0	
	
7.24	0	-7.24	0	0	0	0	
	0	0	0	0	0	0	0	
	-7.24	0	2.49	4.75	0	0	0	
	0	0	4.75	10.44	-15.19	0	0	
	0	0	0	-15.19	16.32	-1.13	0	
	0	0	0	0	-1.13	1.13	0	
	0	0	0	0	0	0	0	
	
3.21	0	-3.21	0	0	0	0	
	0	0	0	0	0	0	0	
	-3.21	0	10.99	-7.78	0	0	0	
	0	0	-7.78	12.39	-4.61	0	0	
	0	0	0	-4.61	4.82	-0.21	0	
	0	0	0	0	-0.21	0.21	0	
	0	0	0	0	0	0	0	
	
0	0	0	0	0	0	0	
	0	0	0	0	0	0	0	
	0	0	0	0	0	0	0	
	0	0	0	0	0	0	0	
	0	0	0	0	0	0	0	
	0	0	0	0	0	0	0	
	0	0	0	0	0	0	0	
	
0	0	0	0	0	0	0	
	0	0	0	0	0	0	0	
	0	0	0	0	0	0	0	
	0	0	0	0	0	0	0	
	0	0	0	0	0	0	0	
	0	0	0	0	0	0	0	
	0	0	0	0	0	0	0	
	

	
